[2, 0, 0, 1, 2, 1, 0, 0, 1, 0, 2, 2, 0, 3, 1, 0, 3, 3, 2, 1, 0, 1, 1, 0, 1, 3, 3, 0, 2, 2, 2, 0, 0, 1, 0, 3, 0, 2, 2, 1, 1, 2, 2, 0, 3, 3, 2, 0, 1, 2, 0, 3, 0, 0, 1, 1, 1, 1, 3, 3, 1, 0, 2, 2, 1, 2, 0, 1, 2, 0, 0, 3, 2, 1, 1, 0, 0, 2, 3, 3, 0, 2, 1, 1, 3, 2, 3, 0, 0, 2, 3, 1, 0, 1, 1, 0, 1, 2, 0, 3, 0, 0, 0, 3, 0, 1, 2, 1, 2, 2, 2, 0, 3, 0, 3, 0, 0, 0, 3, 2, 1, 0, 0, 0, 0, 3, 2, 0, 2, 1, 2, 3, 0, 1, 1, 0, 2, 0, 0, 0, 3, 0, 2, 2, 3, 1, 1, 3, 2, 1, 2, 0, 1, 0, 0, 1, 0, 0, 1, 0, 2, 3, 0, 1, 2, 0, 2, 0, 1, 1, 1, 0, 0, 0, 3, 3, 0, 2, 2, 3, 1, 0, 0, 1, 0, 1, 0, 2, 0, 0, 0, 1, 0, 0, 0, 2, 2, 0, 0, 1, 1, 1, 0, 1, 0, 2, 0, 0, 2, 3, 0, 0, 3, 0, 3, 0, 2, 0, 1, 0, 0, 0, 0, 1, 1, 3, 2, 0, 1, 2, 0, 2, 3, 0, 1, 3, 1, 3, 1, 0, 0, 1, 2, 1, 1, 0, 2, 2, 1, 3, 2, 2, 0, 2, 0, 1, 0, 1, 3, 2, 3, 3, 1, 0, 2, 2, 0, 1, 3, 1, 2, 0, 2, 1, 1, 2, 0, 0, 1, 0, 2, 1, 3, 3, 3, 1, 0, 0, 0, 0, 3, 1, 0, 0, 0, 1, 2, 2, 0, 0, 2, 1, 0, 2, 2, 0, 0, 3, 0, 1, 1, 2, 1, 1, 2, 0, 3, 3, 0, 0]
[0, 0, 0, 1, 0, 1, 2, 0, 1, 0, 2, 3, 2, 3, 0, 0, 3, 3, 2, 1, 2, 1, 1, 0, 1, 3, 3, 3, 2, 2, 2, 3, 0, 3, 0, 3, 2, 2, 0, 1, 0, 0, 0, 3, 3, 3, 0, 0, 1, 0, 2, 1, 3, 0, 1, 1, 1, 0, 0, 1, 1, 0, 1, 2, 1, 2, 0, 1, 2, 0, 1, 3, 0, 3, 1, 2, 0, 2, 3, 3, 0, 0, 1, 1, 3, 3, 3, 2, 0, 2, 3, 1, 0, 1, 1, 0, 1, 0, 0, 0, 0, 3, 0, 3, 0, 1, 0, 1, 3, 2, 0, 0, 3, 0, 3, 0, 0, 2, 3, 2, 1, 2, 0, 0, 2, 1, 2, 0, 2, 1, 2, 3, 0, 1, 1, 0, 0, 0, 2, 2, 3, 2, 0, 2, 3, 1, 3, 3, 0, 1, 2, 0, 1, 3, 0, 1, 0, 0, 1, 0, 0, 3, 0, 1, 2, 3, 3, 0, 1, 1, 1, 2, 1, 0, 3, 3, 0, 2, 2, 0, 1, 0, 0, 1, 2, 0, 0, 2, 2, 0, 0, 1, 0, 2, 0, 2, 0, 1, 0, 1, 1, 1, 2, 1, 3, 2, 0, 0, 2, 0, 0, 2, 3, 3, 3, 0, 2, 2, 1, 0, 0, 0, 1, 1, 1, 1, 2, 0, 1, 0, 0, 2, 3, 0, 1, 0, 2, 0, 1, 0, 0, 0, 2, 1, 1, 0, 2, 2, 1, 3, 2, 2, 0, 0, 0, 1, 0, 1, 3, 0, 3, 3, 1, 0, 2, 3, 1, 1, 3, 1, 0, 0, 2, 1, 1, 2, 0, 0, 1, 0, 2, 2, 1, 3, 3, 1, 0, 0, 0, 0, 3, 1, 0, 0, 0, 1, 0, 2, 2, 0, 2, 1, 2, 2, 2, 1, 0, 3, 1, 1, 1, 2, 1, 1, 0, 2, 3, 3, 0, 0]
[[81  7 23  9]
 [ 5 69  2  3]
 [23  1 42  5]
 [ 6  5  0 39]]
[1, 3, 2, 2, 2, 3, 3, 3, 3, 2, 0, 0, 3, 1, 0, 2, 1, 0, 2, 1, 2, 0, 2, 1, 0, 0, 3, 0, 2, 2, 3, 0, 0, 1, 1, 1, 1, 2, 0, 1, 1, 2, 1, 1, 0, 2, 3, 1, 0, 1, 0, 3, 0, 0, 1, 0, 0, 1, 0, 1, 0, 1, 0, 1, 3, 3, 0, 1, 0, 3, 0, 1, 0, 3, 2, 2, 2, 1, 0, 1, 2, 0, 2, 1, 2, 1, 0, 3, 1, 3, 1, 1, 2, 0, 3, 2, 2, 0, 2, 0, 1, 0, 1, 1, 2, 2, 3, 0, 3, 1, 0, 2, 0, 0, 3, 3, 2, 0, 2, 3, 1, 3, 3, 0, 3, 3, 0, 0, 2, 0, 2, 3, 0, 1, 2, 0, 0, 1, 2, 3, 1, 0, 0, 2, 1, 2, 0, 2, 0, 0, 0, 3, 1, 2, 1, 1, 0, 2, 1, 2, 3, 0, 2, 1, 1, 0, 1, 2, 0, 0, 0, 2, 0, 0, 0, 3, 0, 2, 2, 1, 3, 0, 2, 0, 0, 0, 0, 1, 3, 0, 0, 0, 0, 3, 0, 0, 1, 0, 2, 0, 1, 0, 0, 0, 0, 0, 0, 2, 1, 1, 0, 3, 0, 2, 0, 1, 2, 3, 0, 0, 1, 0, 3, 0, 2, 0, 0, 3, 0, 1, 1, 1, 0, 3, 0, 2, 1, 1, 3, 0, 3, 1, 3, 1, 2, 1, 1, 2, 3, 0, 0, 0, 0, 0, 1, 0, 2, 2, 2, 0, 3, 0, 0, 0, 0, 0, 2, 0, 0, 1, 0, 0, 3, 2, 1, 1, 0, 2, 0, 2, 0, 1, 2, 3, 0, 3, 2, 1, 0, 2, 1, 3, 2, 0, 1, 1, 1, 0, 1, 1, 0, 0, 1, 2, 0, 1, 0, 1, 1, 0, 2, 0, 2, 3, 3, 2, 3, 1, 1, 2]
[1, 3, 0, 2, 2, 2, 3, 1, 2, 2, 0, 0, 0, 1, 0, 2, 1, 0, 2, 1, 3, 1, 0, 1, 0, 0, 3, 0, 0, 0, 3, 0, 0, 1, 1, 1, 1, 2, 2, 1, 1, 2, 0, 0, 0, 0, 3, 1, 0, 1, 0, 3, 0, 0, 1, 0, 3, 1, 1, 1, 0, 3, 0, 3, 3, 3, 3, 0, 0, 0, 0, 1, 0, 0, 2, 3, 2, 1, 0, 1, 2, 1, 0, 1, 2, 1, 0, 1, 1, 3, 1, 1, 0, 0, 3, 0, 2, 0, 0, 0, 1, 0, 1, 1, 2, 0, 1, 1, 2, 1, 0, 2, 0, 0, 3, 3, 2, 0, 0, 3, 1, 0, 3, 1, 3, 0, 0, 1, 2, 0, 2, 3, 0, 1, 2, 0, 0, 1, 2, 0, 1, 2, 0, 2, 1, 2, 0, 0, 2, 3, 0, 3, 1, 3, 1, 1, 2, 2, 1, 0, 3, 2, 2, 1, 1, 2, 1, 3, 0, 0, 0, 2, 3, 0, 0, 3, 2, 2, 2, 1, 3, 0, 0, 0, 0, 0, 0, 1, 3, 0, 3, 0, 1, 0, 3, 0, 1, 0, 2, 2, 1, 1, 0, 0, 3, 0, 2, 2, 1, 1, 3, 3, 0, 2, 0, 1, 2, 3, 0, 3, 1, 2, 3, 0, 2, 0, 0, 0, 0, 1, 1, 1, 0, 3, 0, 2, 0, 1, 3, 0, 3, 1, 3, 1, 2, 0, 1, 2, 3, 0, 2, 3, 0, 2, 1, 0, 0, 2, 2, 0, 3, 0, 0, 0, 0, 0, 2, 0, 0, 1, 0, 3, 3, 2, 1, 1, 2, 2, 0, 2, 2, 1, 2, 0, 1, 3, 2, 1, 2, 0, 3, 2, 2, 0, 1, 1, 1, 0, 3, 1, 0, 0, 1, 2, 3, 1, 1, 1, 1, 0, 0, 0, 2, 3, 2, 2, 3, 1, 1, 0]
[[84 10 15 12]
 [ 5 71  0  4]
 [18  0 46  4]
 [ 9  3  5 34]]
[2, 0, 3, 3, 0, 1, 0, 1, 0, 0, 0, 0, 0, 3, 0, 0, 1, 0, 3, 0, 0, 1, 1, 0, 3, 1, 1, 1, 2, 3, 2, 1, 1, 1, 0, 0, 0, 3, 1, 3, 0, 1, 0, 1, 3, 2, 1, 0, 0, 0, 2, 1, 0, 0, 0, 2, 3, 0, 0, 0, 2, 0, 1, 2, 1, 3, 0, 2, 1, 0, 0, 0, 2, 2, 3, 1, 0, 2, 0, 1, 0, 0, 2, 0, 2, 2, 2, 1, 0, 0, 2, 0, 1, 0, 0, 2, 3, 0, 2, 0, 1, 3, 3, 1, 0, 3, 3, 2, 0, 2, 2, 2, 1, 2, 2, 0, 0, 2, 1, 0, 0, 0, 0, 0, 3, 1, 0, 2, 0, 2, 1, 0, 1, 0, 3, 3, 3, 2, 2, 0, 0, 2, 1, 0, 2, 2, 1, 1, 1, 0, 0, 2, 2, 1, 2, 0, 1, 0, 0, 2, 0, 0, 3, 0, 3, 2, 0, 2, 1, 0, 2, 0, 1, 1, 0, 1, 0, 0, 1, 3, 2, 0, 1, 2, 3, 0, 2, 1, 1, 3, 2, 1, 3, 2, 0, 2, 1, 1, 0, 1, 0, 2, 0, 0, 1, 3, 1, 0, 3, 3, 2, 0, 1, 3, 3, 1, 0, 0, 3, 2, 3, 0, 1, 0, 0, 0, 3, 3, 0, 0, 0, 2, 2, 2, 0, 3, 3, 2, 0, 1, 1, 0, 3, 2, 0, 0, 0, 2, 0, 3, 0, 1, 1, 0, 0, 0, 0, 1, 3, 2, 1, 3, 0, 1, 2, 2, 1, 1, 0, 1, 1, 0, 0, 1, 0, 1, 0, 0, 2, 1, 2, 2, 1, 1, 1, 0, 2, 3, 3, 3, 1, 1, 2, 2, 1, 0, 0, 0, 1, 3, 0, 2, 3, 2, 1, 0, 1, 2, 0, 1, 0, 2, 3, 2, 1, 1, 2, 1, 2, 1]
[2, 0, 3, 3, 0, 1, 0, 1, 0, 2, 2, 0, 0, 3, 3, 0, 1, 0, 3, 0, 0, 1, 1, 2, 3, 1, 1, 1, 0, 3, 0, 1, 1, 1, 0, 0, 0, 3, 1, 3, 0, 0, 0, 0, 3, 2, 1, 0, 0, 2, 2, 1, 0, 1, 0, 2, 3, 1, 0, 0, 2, 1, 1, 2, 1, 1, 0, 2, 1, 2, 1, 0, 3, 2, 3, 1, 0, 0, 0, 1, 0, 0, 2, 0, 3, 2, 2, 1, 0, 2, 2, 1, 1, 0, 0, 2, 3, 0, 1, 1, 1, 1, 0, 1, 0, 2, 3, 2, 0, 2, 2, 0, 1, 3, 2, 0, 0, 0, 0, 3, 0, 2, 0, 2, 3, 1, 0, 0, 2, 0, 1, 3, 1, 0, 3, 0, 3, 2, 2, 0, 0, 0, 1, 0, 2, 0, 1, 1, 1, 0, 0, 2, 2, 1, 2, 0, 1, 0, 0, 0, 3, 0, 3, 0, 3, 0, 0, 3, 1, 0, 0, 0, 1, 1, 2, 1, 0, 0, 1, 3, 2, 0, 1, 2, 3, 2, 2, 1, 1, 3, 2, 1, 3, 2, 0, 2, 1, 1, 0, 1, 0, 2, 2, 0, 1, 0, 1, 0, 1, 3, 2, 0, 0, 3, 3, 1, 0, 0, 1, 0, 2, 0, 1, 3, 0, 0, 3, 3, 0, 0, 0, 2, 2, 2, 3, 3, 3, 2, 0, 1, 1, 0, 3, 2, 0, 0, 0, 2, 0, 3, 0, 1, 1, 0, 0, 0, 2, 1, 3, 2, 1, 3, 0, 1, 0, 2, 1, 1, 3, 0, 1, 0, 0, 1, 1, 1, 0, 0, 2, 1, 2, 2, 1, 1, 1, 2, 2, 3, 0, 3, 1, 1, 2, 2, 1, 0, 0, 0, 1, 1, 0, 2, 1, 0, 1, 2, 1, 0, 0, 1, 0, 2, 3, 2, 1, 1, 2, 1, 2, 3]
[[91  7 15  7]
 [ 5 75  0  1]
 [16  1 50  4]
 [ 4  6  2 36]]
[0, 3, 0, 0, 0, 2, 1, 3, 0, 0, 1, 3, 1, 3, 2, 2, 1, 1, 1, 2, 0, 1, 1, 2, 1, 0, 0, 1, 0, 3, 0, 0, 0, 1, 0, 0, 2, 3, 0, 0, 1, 0, 0, 0, 1, 0, 0, 0, 0, 2, 3, 1, 3, 0, 1, 0, 3, 0, 3, 0, 2, 0, 1, 1, 2, 0, 1, 0, 1, 3, 0, 1, 1, 0, 0, 2, 0, 0, 2, 0, 1, 0, 2, 0, 1, 0, 0, 1, 2, 2, 2, 0, 2, 0, 3, 0, 0, 0, 2, 0, 2, 3, 0, 1, 0, 2, 0, 3, 3, 3, 1, 3, 2, 2, 0, 2, 1, 1, 3, 3, 0, 2, 2, 3, 0, 1, 0, 0, 2, 3, 3, 1, 1, 2, 3, 3, 0, 0, 3, 1, 2, 1, 1, 3, 1, 2, 2, 0, 2, 2, 2, 3, 3, 0, 0, 0, 2, 0, 0, 0, 0, 0, 0, 0, 0, 3, 1, 0, 2, 2, 3, 2, 1, 0, 3, 1, 0, 0, 1, 1, 2, 0, 3, 1, 1, 2, 1, 2, 3, 0, 2, 0, 0, 0, 0, 2, 0, 3, 2, 1, 2, 1, 0, 0, 1, 2, 1, 1, 1, 0, 2, 1, 1, 0, 0, 0, 1, 0, 0, 2, 1, 2, 2, 2, 0, 2, 3, 3, 0, 3, 0, 0, 3, 1, 2, 2, 0, 3, 0, 0, 0, 3, 2, 0, 0, 2, 0, 1, 1, 2, 0, 2, 0, 1, 0, 3, 0, 3, 2, 0, 1, 3, 0, 2, 3, 3, 2, 0, 0, 0, 3, 2, 1, 1, 0, 2, 0, 3, 0, 2, 0, 3, 2, 1, 1, 0, 0, 0, 0, 1, 2, 1, 2, 1, 0, 1, 3, 0, 1, 1, 2, 3, 2, 1, 0, 0, 1, 2, 1, 2, 3, 1, 1, 1, 1, 0, 0, 2, 0, 0]
[2, 3, 2, 2, 0, 2, 2, 0, 2, 0, 1, 0, 1, 0, 0, 2, 1, 1, 1, 2, 2, 0, 1, 2, 1, 0, 0, 1, 0, 3, 3, 0, 3, 1, 0, 0, 2, 3, 0, 3, 1, 0, 0, 0, 1, 0, 0, 0, 2, 2, 3, 1, 3, 0, 1, 2, 3, 0, 0, 0, 2, 0, 1, 1, 0, 0, 1, 2, 1, 3, 0, 1, 1, 0, 0, 0, 0, 0, 0, 3, 1, 1, 2, 0, 1, 2, 0, 1, 2, 2, 2, 0, 0, 0, 3, 0, 0, 0, 2, 0, 0, 0, 0, 1, 0, 0, 0, 3, 3, 3, 1, 3, 2, 2, 0, 2, 1, 1, 3, 3, 2, 2, 2, 3, 0, 1, 0, 0, 0, 3, 3, 1, 1, 0, 3, 1, 2, 3, 0, 1, 1, 1, 1, 3, 1, 2, 2, 0, 0, 0, 0, 3, 3, 0, 0, 0, 3, 0, 1, 2, 0, 1, 0, 0, 1, 1, 1, 0, 0, 2, 0, 2, 0, 0, 3, 1, 0, 2, 1, 1, 2, 0, 3, 1, 1, 0, 1, 2, 1, 2, 0, 0, 0, 0, 0, 0, 0, 3, 0, 3, 0, 1, 0, 1, 1, 2, 0, 1, 3, 0, 2, 1, 1, 0, 3, 0, 1, 0, 0, 2, 1, 2, 2, 0, 0, 2, 3, 3, 1, 1, 0, 1, 3, 1, 2, 0, 2, 3, 0, 2, 2, 3, 2, 0, 0, 2, 0, 1, 1, 2, 0, 2, 0, 1, 0, 0, 0, 3, 2, 0, 1, 3, 0, 2, 3, 3, 0, 0, 0, 2, 0, 2, 1, 1, 0, 3, 0, 3, 0, 2, 0, 3, 2, 1, 1, 0, 0, 0, 0, 1, 2, 0, 2, 1, 2, 1, 3, 3, 0, 3, 2, 0, 2, 1, 0, 0, 1, 2, 1, 2, 3, 0, 1, 1, 1, 0, 0, 2, 3, 0]
[[90  7 19  8]
 [ 6 65  1  3]
 [21  1 46  2]
 [10  4  0 37]]
[3, 0, 2, 1, 0, 2, 0, 1, 2, 0, 0, 0, 0, 2, 0, 3, 3, 0, 3, 0, 0, 0, 3, 2, 1, 3, 3, 1, 0, 2, 1, 0, 0, 3, 1, 0, 0, 2, 0, 2, 0, 1, 2, 3, 3, 2, 0, 1, 0, 2, 2, 2, 2, 0, 2, 3, 0, 1, 3, 0, 0, 0, 1, 1, 2, 0, 2, 3, 1, 2, 0, 2, 1, 0, 2, 2, 2, 2, 1, 3, 1, 0, 0, 0, 1, 3, 3, 0, 0, 1, 2, 1, 2, 1, 0, 1, 0, 0, 2, 0, 1, 1, 1, 0, 2, 2, 0, 1, 0, 1, 0, 2, 0, 1, 0, 0, 2, 0, 1, 3, 1, 2, 1, 1, 0, 1, 0, 0, 0, 3, 1, 2, 0, 0, 2, 0, 2, 0, 1, 0, 1, 0, 1, 3, 0, 0, 0, 1, 3, 1, 0, 1, 2, 2, 0, 0, 1, 3, 3, 1, 0, 1, 2, 0, 3, 2, 2, 2, 2, 0, 1, 2, 2, 3, 1, 3, 3, 2, 0, 3, 0, 2, 2, 3, 0, 3, 1, 3, 1, 0, 0, 0, 0, 3, 0, 2, 2, 3, 3, 1, 1, 0, 0, 0, 0, 3, 0, 1, 0, 3, 1, 3, 0, 0, 0, 0, 1, 1, 0, 3, 2, 0, 1, 2, 2, 1, 0, 0, 1, 0, 3, 1, 1, 1, 0, 2, 0, 1, 1, 3, 2, 1, 0, 2, 1, 0, 3, 1, 3, 1, 3, 0, 0, 3, 0, 0, 0, 0, 1, 2, 2, 1, 1, 2, 2, 1, 0, 0, 1, 2, 2, 0, 2, 0, 3, 2, 3, 0, 1, 1, 0, 0, 3, 1, 1, 1, 3, 3, 0, 1, 0, 2, 2, 2, 0, 2, 0, 1, 0, 2, 1, 0, 0, 0, 0, 0, 2, 3, 1, 1, 1, 2, 0, 0, 0, 0, 0, 0, 0, 3]
[0, 0, 2, 1, 3, 3, 0, 1, 2, 1, 0, 0, 0, 0, 0, 3, 3, 0, 0, 0, 3, 0, 0, 2, 1, 3, 3, 1, 0, 2, 1, 0, 0, 3, 1, 0, 0, 3, 1, 2, 0, 1, 2, 3, 3, 2, 2, 1, 1, 2, 0, 0, 2, 2, 2, 0, 0, 1, 3, 0, 0, 0, 1, 1, 2, 2, 0, 3, 1, 0, 1, 3, 0, 3, 2, 0, 2, 0, 3, 3, 3, 0, 0, 0, 1, 3, 0, 0, 2, 1, 2, 1, 2, 1, 2, 1, 0, 0, 2, 2, 0, 0, 1, 0, 3, 0, 0, 1, 1, 1, 0, 2, 0, 0, 0, 2, 2, 0, 1, 3, 1, 2, 1, 1, 0, 3, 0, 3, 0, 3, 3, 2, 3, 0, 2, 0, 0, 0, 1, 2, 1, 0, 1, 3, 3, 1, 0, 1, 3, 1, 1, 1, 0, 0, 2, 0, 0, 0, 2, 1, 0, 1, 2, 0, 3, 2, 2, 2, 0, 1, 1, 0, 2, 1, 1, 3, 3, 0, 0, 1, 0, 2, 2, 3, 1, 2, 1, 1, 1, 2, 0, 0, 0, 2, 0, 2, 2, 3, 1, 1, 1, 2, 0, 0, 0, 3, 0, 0, 2, 3, 0, 3, 0, 2, 0, 0, 1, 1, 0, 0, 2, 2, 1, 2, 2, 1, 0, 0, 1, 0, 3, 0, 1, 1, 0, 2, 3, 1, 1, 3, 2, 1, 1, 0, 1, 2, 3, 1, 2, 1, 3, 0, 0, 0, 0, 0, 0, 1, 1, 2, 2, 1, 1, 0, 0, 3, 1, 2, 0, 2, 2, 0, 2, 0, 3, 2, 3, 0, 1, 1, 0, 2, 3, 1, 0, 1, 3, 2, 0, 3, 0, 0, 0, 2, 3, 2, 0, 1, 0, 2, 0, 0, 1, 0, 3, 0, 3, 0, 3, 1, 1, 2, 0, 1, 0, 0, 0, 0, 2, 3]
[[81 14 18  9]
 [11 61  0  7]
 [19  0 45  5]
 [ 9  4  5 32]]
[0, 0, 1, 0, 2, 0, 0, 1, 0, 1, 3, 2, 1, 0, 1, 0, 1, 3, 2, 0, 2, 3, 0, 1, 2, 0, 0, 0, 0, 2, 1, 1, 2, 2, 0, 3, 2, 2, 1, 0, 0, 1, 0, 2, 1, 1, 0, 0, 3, 1, 0, 1, 0, 0, 2, 3, 2, 0, 3, 3, 2, 2, 0, 3, 3, 3, 1, 1, 2, 3, 0, 0, 1, 0, 2, 1, 0, 0, 1, 1, 1, 2, 3, 0, 0, 3, 2, 1, 3, 0, 0, 1, 0, 1, 1, 2, 0, 0, 0, 2, 0, 3, 3, 0, 0, 2, 0, 2, 3, 2, 0, 2, 2, 2, 2, 1, 0, 2, 1, 0, 0, 1, 0, 1, 0, 2, 3, 1, 2, 1, 3, 2, 0, 1, 1, 3, 2, 0, 1, 0, 1, 2, 2, 1, 0, 3, 0, 3, 1, 0, 0, 0, 0, 2, 1, 2, 0, 1, 0, 3, 0, 2, 2, 0, 0, 1, 2, 2, 0, 0, 1, 0, 2, 0, 0, 3, 1, 1, 0, 3, 1, 0, 1, 1, 3, 0, 0, 2, 2, 3, 2, 3, 0, 1, 0, 1, 0, 0, 2, 1, 3, 2, 0, 0, 1, 2, 0, 0, 2, 0, 3, 3, 1, 1, 0, 1, 0, 1, 2, 0, 0, 0, 0, 2, 2, 1, 0, 1, 3, 0, 3, 1, 3, 0, 0, 0, 0, 0, 2, 3, 1, 1, 0, 0, 2, 3, 3, 0, 0, 3, 1, 0, 1, 0, 1, 2, 2, 1, 2, 0, 3, 0, 2, 3, 3, 0, 0, 3, 3, 1, 1, 2, 1, 1, 0, 1, 2, 1, 0, 0, 2, 0, 3, 0, 0, 2, 0, 1, 1, 3, 0, 1, 0, 3, 0, 3, 1, 0, 2, 0, 2, 0, 2, 3, 1, 1, 0, 2, 0, 1, 1, 1, 1, 0, 0, 3, 1, 2, 3, 2]
[0, 2, 1, 0, 2, 0, 0, 1, 0, 1, 3, 2, 1, 2, 1, 2, 1, 3, 0, 2, 2, 3, 0, 0, 2, 0, 3, 0, 0, 0, 1, 1, 2, 2, 1, 3, 0, 2, 0, 1, 0, 1, 2, 2, 1, 1, 0, 0, 1, 1, 0, 0, 1, 0, 2, 3, 0, 1, 3, 2, 2, 1, 0, 3, 3, 0, 1, 1, 0, 3, 0, 2, 1, 0, 3, 1, 0, 2, 1, 2, 1, 2, 3, 0, 0, 1, 2, 0, 3, 0, 1, 1, 0, 1, 1, 2, 0, 0, 0, 2, 2, 3, 3, 0, 1, 2, 0, 0, 3, 3, 2, 2, 2, 2, 2, 1, 2, 2, 1, 0, 0, 1, 0, 1, 0, 2, 3, 1, 2, 1, 3, 2, 0, 1, 1, 3, 0, 1, 1, 0, 0, 0, 0, 1, 0, 0, 0, 1, 0, 3, 0, 1, 3, 0, 1, 2, 0, 1, 0, 3, 3, 2, 0, 1, 2, 1, 2, 0, 0, 0, 1, 0, 3, 3, 0, 3, 1, 1, 0, 3, 1, 0, 1, 1, 3, 2, 0, 2, 2, 3, 2, 0, 0, 0, 0, 1, 2, 0, 2, 1, 3, 2, 0, 0, 1, 2, 0, 0, 2, 0, 3, 3, 1, 1, 2, 1, 0, 3, 2, 0, 0, 2, 0, 2, 2, 1, 0, 1, 3, 2, 3, 1, 2, 0, 0, 2, 2, 0, 0, 1, 1, 1, 0, 0, 2, 3, 3, 2, 0, 3, 1, 0, 1, 0, 1, 0, 2, 1, 2, 2, 3, 3, 0, 2, 1, 0, 0, 3, 0, 0, 1, 2, 1, 1, 0, 1, 0, 0, 3, 3, 2, 0, 0, 0, 2, 2, 1, 0, 1, 0, 0, 1, 3, 3, 0, 0, 1, 0, 2, 0, 2, 0, 2, 3, 3, 0, 1, 2, 0, 1, 1, 1, 0, 0, 2, 3, 1, 2, 3, 2]
[[78 11 22  9]
 [12 66  1  2]
 [16  1 48  3]
 [ 7  5  3 36]]
[2, 2, 1, 2, 2, 0, 2, 1, 2, 0, 1, 3, 2, 0, 3, 1, 2, 2, 1, 2, 0, 1, 3, 0, 0, 3, 2, 1, 2, 1, 2, 0, 3, 0, 0, 3, 0, 0, 2, 2, 1, 0, 0, 0, 0, 2, 1, 0, 0, 3, 0, 0, 0, 0, 1, 0, 0, 1, 3, 0, 3, 0, 3, 1, 3, 1, 3, 1, 2, 0, 1, 2, 1, 1, 1, 0, 2, 2, 0, 1, 1, 2, 0, 2, 2, 1, 0, 3, 1, 0, 0, 2, 3, 0, 0, 0, 1, 1, 0, 2, 2, 1, 0, 0, 3, 1, 1, 3, 3, 1, 0, 1, 2, 1, 1, 3, 0, 1, 1, 0, 2, 2, 2, 1, 3, 0, 3, 0, 0, 0, 3, 2, 0, 3, 0, 2, 2, 0, 2, 0, 0, 0, 0, 2, 2, 1, 0, 0, 0, 0, 3, 0, 0, 2, 2, 0, 3, 1, 2, 0, 0, 3, 0, 0, 0, 2, 0, 0, 1, 2, 0, 0, 0, 2, 3, 0, 2, 1, 1, 0, 1, 1, 3, 0, 2, 2, 0, 2, 1, 0, 1, 1, 1, 0, 2, 0, 0, 1, 1, 2, 1, 0, 0, 3, 1, 1, 0, 3, 0, 3, 1, 2, 3, 0, 2, 3, 1, 1, 3, 2, 0, 3, 3, 2, 3, 0, 1, 0, 0, 1, 2, 2, 3, 0, 2, 0, 0, 3, 0, 2, 0, 0, 0, 1, 1, 3, 0, 0, 1, 1, 0, 2, 0, 2, 0, 0, 1, 2, 0, 1, 0, 2, 3, 0, 2, 1, 3, 0, 0, 2, 3, 0, 0, 1, 3, 0, 0, 1, 1, 2, 3, 0, 1, 0, 0, 1, 0, 0, 2, 3, 0, 3, 2, 2, 1, 2, 0, 0, 0, 0, 3, 3, 1, 0, 2, 1, 0, 2, 3, 1, 1, 0, 1, 0, 3, 1, 2, 1, 1, 0]
[2, 0, 1, 0, 0, 0, 2, 1, 3, 0, 0, 2, 0, 3, 0, 1, 2, 0, 1, 2, 0, 1, 3, 0, 0, 3, 2, 1, 0, 0, 2, 0, 3, 2, 2, 0, 3, 0, 0, 2, 1, 0, 0, 0, 0, 2, 1, 0, 0, 0, 2, 0, 0, 1, 1, 0, 2, 1, 2, 0, 2, 0, 3, 1, 3, 1, 3, 1, 2, 0, 1, 2, 1, 1, 1, 0, 3, 0, 0, 1, 0, 2, 0, 2, 0, 1, 0, 3, 1, 0, 0, 2, 3, 0, 0, 0, 1, 1, 0, 2, 2, 1, 3, 0, 0, 1, 1, 2, 2, 1, 0, 1, 0, 1, 1, 3, 0, 1, 3, 0, 0, 0, 2, 1, 0, 0, 3, 0, 0, 0, 3, 2, 1, 0, 0, 0, 0, 1, 2, 2, 1, 0, 0, 0, 2, 1, 0, 0, 0, 0, 3, 3, 0, 2, 2, 3, 3, 1, 2, 0, 0, 3, 0, 2, 2, 0, 0, 0, 0, 2, 0, 0, 0, 2, 3, 0, 1, 1, 1, 2, 1, 1, 3, 2, 0, 0, 0, 2, 1, 0, 1, 1, 1, 0, 0, 0, 2, 1, 1, 0, 1, 0, 3, 3, 1, 1, 0, 3, 2, 0, 3, 2, 2, 0, 0, 0, 1, 1, 3, 0, 2, 3, 3, 2, 3, 0, 1, 0, 0, 1, 0, 2, 3, 0, 2, 0, 0, 0, 0, 2, 0, 1, 2, 1, 1, 3, 0, 0, 1, 1, 0, 2, 0, 2, 0, 0, 1, 2, 0, 2, 0, 2, 0, 0, 2, 1, 0, 0, 0, 2, 3, 0, 0, 1, 3, 0, 0, 1, 1, 2, 3, 2, 1, 0, 0, 0, 0, 0, 0, 3, 0, 3, 2, 2, 1, 0, 0, 0, 0, 0, 3, 3, 1, 0, 2, 1, 1, 2, 3, 1, 0, 0, 1, 0, 3, 1, 2, 1, 1, 0]
[[97  6 14  6]
 [ 6 68  1  2]
 [25  1 42  2]
 [11  0  6 33]]
[1, 3, 0, 3, 3, 3, 0, 0, 2, 1, 0, 3, 1, 3, 3, 1, 3, 2, 1, 1, 2, 0, 1, 1, 0, 1, 3, 2, 0, 0, 1, 0, 3, 3, 3, 1, 1, 1, 1, 1, 2, 0, 2, 0, 1, 2, 2, 1, 2, 0, 0, 1, 2, 0, 0, 2, 0, 3, 3, 2, 3, 0, 0, 1, 3, 3, 3, 3, 3, 3, 3, 3, 0, 3, 0, 0, 0, 0, 1, 2, 0, 0, 0, 0, 3, 0, 2, 2, 2, 2, 3, 2, 1, 1, 0, 0, 1, 2, 1, 1, 3, 1, 1, 0, 1, 1, 3, 1, 2, 0, 2, 2, 3, 1, 0, 0, 0, 2, 0, 0, 0, 1, 0, 1, 0, 2, 2, 3, 0, 2, 1, 1, 0, 0, 1, 2, 0, 1, 0, 1, 0, 1, 0, 2, 0, 2, 0, 3, 3, 3, 1, 0, 0, 0, 0, 1, 0, 1, 0, 0, 0, 1, 0, 2, 1, 2, 1, 2, 1, 2, 0, 1, 0, 2, 2, 1, 0, 0, 2, 3, 0, 2, 0, 0, 2, 0, 1, 0, 0, 0, 2, 1, 1, 3, 0, 0, 1, 1, 0, 2, 0, 0, 3, 0, 0, 0, 1, 0, 0, 1, 0, 3, 0, 2, 1, 2, 0, 0, 1, 2, 2, 2, 0, 2, 3, 0, 3, 0, 0, 2, 3, 1, 1, 1, 1, 1, 1, 1, 0, 1, 0, 2, 1, 0, 2, 1, 3, 1, 0, 0, 2, 1, 0, 0, 1, 0, 0, 0, 2, 1, 3, 0, 0, 0, 2, 2, 2, 0, 0, 0, 3, 0, 2, 1, 1, 2, 2, 0, 0, 0, 0, 3, 0, 3, 2, 0, 2, 0, 0, 1, 1, 0, 3, 0, 0, 0, 3, 2, 2, 0, 0, 0, 0, 1, 2, 2, 3, 1, 3, 3, 2, 0, 2, 0, 1, 2, 1, 0, 2, 0]
[0, 3, 2, 3, 3, 3, 0, 0, 2, 1, 0, 3, 1, 2, 3, 1, 0, 0, 1, 2, 2, 2, 1, 1, 0, 1, 0, 2, 0, 0, 1, 0, 3, 3, 0, 1, 1, 1, 1, 1, 0, 1, 2, 2, 1, 2, 2, 1, 2, 1, 0, 1, 0, 0, 0, 0, 0, 3, 0, 2, 3, 0, 0, 1, 3, 3, 0, 3, 3, 3, 0, 3, 1, 3, 0, 2, 2, 0, 1, 2, 0, 0, 0, 0, 2, 3, 2, 2, 3, 2, 1, 2, 1, 0, 0, 0, 2, 0, 1, 1, 3, 1, 1, 2, 1, 0, 0, 1, 2, 0, 2, 2, 2, 1, 0, 1, 2, 2, 0, 0, 0, 1, 0, 1, 0, 2, 2, 3, 0, 2, 0, 1, 0, 2, 1, 2, 1, 1, 0, 1, 0, 1, 0, 2, 3, 2, 0, 0, 3, 1, 1, 0, 0, 2, 2, 1, 0, 0, 0, 0, 0, 1, 0, 3, 1, 2, 1, 2, 1, 2, 3, 0, 0, 2, 2, 1, 0, 0, 2, 3, 2, 0, 0, 0, 0, 2, 1, 0, 0, 0, 0, 1, 1, 3, 0, 0, 1, 1, 0, 0, 0, 0, 3, 2, 0, 0, 1, 0, 0, 1, 0, 3, 3, 2, 1, 2, 0, 0, 1, 2, 2, 0, 0, 2, 3, 2, 3, 0, 0, 0, 2, 1, 1, 1, 1, 1, 1, 1, 3, 0, 0, 2, 1, 2, 0, 0, 3, 1, 0, 0, 2, 1, 0, 0, 1, 0, 0, 0, 2, 1, 3, 0, 0, 0, 2, 0, 2, 1, 2, 3, 1, 0, 2, 1, 1, 2, 2, 0, 0, 0, 0, 3, 0, 3, 0, 0, 2, 0, 1, 1, 1, 0, 3, 0, 2, 3, 0, 2, 2, 0, 3, 2, 1, 1, 2, 0, 0, 1, 3, 3, 2, 1, 2, 0, 1, 0, 1, 0, 0, 0]
[[89  9 18  8]
 [ 8 69  2  0]
 [17  0 48  2]
 [10  3  4 33]]
[0, 3, 0, 1, 0, 0, 2, 0, 1, 3, 0, 1, 0, 2, 1, 3, 1, 0, 3, 0, 1, 2, 1, 3, 2, 2, 2, 2, 1, 1, 3, 2, 0, 1, 1, 1, 0, 1, 0, 2, 1, 0, 1, 0, 0, 2, 0, 0, 0, 1, 3, 3, 1, 3, 0, 3, 2, 2, 0, 0, 1, 3, 1, 0, 3, 1, 2, 2, 2, 1, 0, 2, 0, 2, 3, 0, 0, 0, 1, 3, 1, 1, 2, 2, 1, 0, 2, 1, 3, 2, 1, 2, 3, 0, 0, 0, 1, 1, 3, 0, 0, 0, 0, 0, 1, 2, 3, 1, 0, 1, 0, 2, 0, 0, 2, 2, 2, 1, 3, 2, 0, 2, 2, 1, 1, 3, 2, 0, 2, 0, 1, 0, 2, 0, 1, 3, 2, 2, 0, 1, 0, 3, 0, 1, 1, 0, 0, 0, 2, 1, 0, 3, 1, 1, 3, 2, 0, 1, 0, 0, 0, 0, 2, 3, 0, 1, 2, 1, 2, 3, 0, 3, 0, 0, 0, 0, 0, 0, 0, 0, 1, 1, 1, 0, 1, 1, 0, 0, 0, 3, 1, 2, 0, 3, 0, 0, 2, 3, 0, 1, 0, 0, 0, 0, 3, 0, 1, 0, 0, 1, 0, 0, 1, 0, 2, 1, 0, 2, 2, 2, 0, 1, 0, 0, 0, 1, 0, 2, 2, 3, 0, 3, 1, 2, 3, 2, 0, 1, 2, 1, 1, 1, 0, 3, 2, 0, 3, 0, 0, 3, 0, 3, 2, 3, 2, 0, 0, 0, 0, 3, 2, 1, 2, 0, 1, 0, 3, 0, 2, 0, 0, 0, 0, 3, 0, 3, 0, 3, 1, 1, 1, 0, 0, 1, 1, 2, 0, 3, 2, 3, 0, 0, 0, 2, 2, 1, 2, 2, 2, 2, 1, 3, 2, 0, 2, 2, 1, 1, 0, 3, 3, 1, 1, 3, 0, 2, 0, 1, 1, 2]
[0, 3, 0, 1, 0, 3, 2, 0, 1, 0, 0, 1, 1, 0, 0, 3, 1, 0, 3, 3, 1, 0, 0, 0, 3, 2, 2, 0, 1, 1, 0, 2, 0, 0, 0, 0, 0, 1, 0, 2, 1, 0, 1, 0, 3, 0, 0, 2, 2, 0, 2, 3, 1, 3, 2, 3, 2, 2, 0, 1, 1, 0, 1, 0, 3, 1, 2, 3, 2, 1, 0, 0, 0, 2, 0, 0, 1, 0, 1, 3, 1, 1, 2, 2, 1, 0, 2, 1, 3, 2, 1, 2, 0, 0, 0, 0, 1, 1, 3, 2, 0, 0, 0, 0, 1, 3, 3, 1, 1, 1, 0, 2, 0, 3, 0, 0, 2, 1, 3, 0, 0, 0, 2, 1, 1, 3, 2, 0, 2, 3, 1, 0, 2, 0, 1, 0, 2, 2, 2, 1, 0, 2, 0, 1, 1, 1, 0, 0, 2, 1, 0, 3, 2, 1, 3, 2, 0, 1, 0, 0, 1, 2, 2, 3, 0, 1, 2, 2, 0, 0, 3, 3, 0, 0, 0, 0, 2, 0, 0, 2, 1, 1, 0, 0, 1, 1, 0, 1, 3, 3, 1, 2, 0, 3, 0, 3, 0, 3, 0, 1, 0, 1, 3, 0, 3, 0, 1, 0, 0, 1, 0, 0, 1, 0, 2, 1, 0, 2, 2, 2, 0, 1, 3, 0, 0, 1, 2, 2, 2, 3, 0, 1, 1, 2, 3, 2, 0, 0, 2, 1, 1, 1, 3, 3, 0, 2, 3, 0, 2, 3, 2, 3, 2, 3, 0, 0, 0, 0, 0, 3, 2, 0, 0, 0, 1, 2, 3, 0, 2, 0, 0, 0, 0, 3, 0, 1, 2, 2, 1, 1, 1, 2, 0, 1, 1, 2, 0, 3, 2, 3, 0, 0, 0, 0, 2, 1, 0, 2, 0, 2, 1, 3, 2, 2, 2, 0, 1, 1, 0, 3, 3, 1, 1, 3, 0, 3, 0, 1, 1, 2]
[[86  8 16 11]
 [ 9 68  2  0]
 [18  0 48  4]
 [ 8  2  3 37]]
[0, 1, 2, 0, 1, 3, 2, 0, 0, 1, 1, 1, 1, 2, 0, 0, 1, 3, 0, 2, 0, 0, 0, 0, 3, 3, 1, 1, 3, 2, 0, 0, 0, 3, 0, 1, 2, 2, 0, 1, 3, 0, 3, 1, 1, 1, 0, 1, 0, 0, 2, 0, 2, 1, 1, 0, 3, 0, 0, 0, 0, 1, 0, 1, 2, 2, 3, 0, 1, 0, 1, 0, 1, 0, 0, 0, 2, 0, 2, 1, 3, 2, 3, 1, 1, 2, 2, 3, 1, 2, 1, 0, 1, 3, 1, 0, 2, 1, 1, 2, 0, 3, 0, 2, 0, 1, 2, 3, 3, 2, 0, 2, 2, 0, 1, 0, 0, 0, 0, 0, 0, 3, 0, 0, 2, 0, 2, 2, 3, 2, 0, 0, 3, 1, 0, 0, 0, 1, 1, 3, 0, 0, 3, 1, 1, 1, 1, 0, 0, 3, 0, 0, 1, 3, 1, 1, 0, 1, 0, 0, 2, 0, 1, 2, 3, 0, 2, 3, 1, 2, 2, 0, 2, 3, 3, 1, 0, 2, 2, 1, 3, 3, 0, 1, 0, 3, 0, 0, 1, 0, 2, 3, 3, 1, 0, 1, 1, 0, 2, 0, 0, 1, 0, 2, 0, 1, 0, 1, 2, 0, 2, 1, 1, 0, 0, 0, 3, 0, 1, 0, 3, 3, 0, 1, 0, 0, 2, 2, 2, 0, 3, 0, 1, 3, 0, 0, 2, 2, 0, 0, 2, 2, 3, 1, 1, 0, 0, 3, 0, 1, 3, 2, 0, 1, 2, 1, 3, 2, 0, 0, 3, 0, 2, 0, 0, 2, 0, 1, 1, 0, 1, 3, 2, 0, 2, 3, 2, 2, 2, 0, 2, 0, 3, 1, 1, 1, 2, 0, 1, 0, 1, 2, 0, 1, 1, 0, 0, 0, 0, 2, 1, 0, 2, 0, 2, 3, 2, 2, 1, 0, 0, 0, 2, 1, 0, 0, 0, 2, 3, 3]
[2, 1, 2, 2, 1, 0, 2, 0, 0, 1, 1, 1, 1, 2, 3, 0, 1, 3, 0, 2, 0, 2, 0, 2, 3, 0, 1, 1, 1, 2, 0, 0, 2, 3, 1, 1, 0, 2, 0, 1, 3, 0, 3, 1, 1, 1, 0, 1, 0, 2, 2, 2, 3, 1, 1, 0, 3, 0, 0, 0, 0, 1, 0, 1, 0, 2, 2, 0, 1, 0, 3, 0, 1, 3, 0, 3, 2, 0, 0, 1, 3, 0, 3, 1, 1, 2, 3, 3, 1, 2, 1, 0, 1, 3, 1, 1, 0, 1, 1, 2, 0, 2, 1, 2, 0, 1, 2, 3, 3, 2, 0, 2, 2, 0, 1, 0, 3, 0, 0, 0, 0, 3, 0, 3, 2, 0, 1, 2, 0, 2, 0, 0, 3, 1, 0, 2, 2, 1, 1, 0, 0, 0, 0, 1, 3, 1, 1, 0, 0, 2, 0, 0, 1, 3, 1, 1, 0, 1, 0, 0, 2, 0, 1, 0, 3, 0, 2, 3, 1, 2, 2, 0, 2, 3, 0, 1, 0, 2, 2, 1, 0, 3, 1, 1, 1, 3, 0, 1, 1, 0, 0, 3, 3, 1, 0, 1, 1, 0, 2, 0, 0, 1, 2, 2, 2, 0, 0, 1, 2, 2, 2, 1, 3, 0, 1, 0, 3, 0, 0, 0, 3, 3, 0, 1, 2, 0, 0, 2, 2, 2, 3, 0, 1, 3, 0, 0, 2, 2, 0, 3, 2, 0, 3, 0, 1, 0, 0, 0, 0, 1, 0, 2, 0, 1, 0, 1, 0, 2, 2, 0, 3, 0, 0, 2, 0, 0, 3, 1, 1, 2, 1, 3, 0, 0, 0, 3, 0, 2, 2, 0, 0, 2, 0, 1, 1, 1, 2, 0, 1, 0, 0, 2, 2, 1, 1, 1, 0, 0, 0, 2, 1, 2, 0, 0, 0, 3, 2, 2, 1, 0, 0, 0, 0, 1, 0, 3, 0, 1, 0, 3]
[[88  8 20  8]
 [ 4 72  0  3]
 [19  2 45  2]
 [12  1  3 33]]
[1, 0, 3, 0, 1, 3, 3, 1, 3, 1, 3, 1, 0, 3, 0, 1, 0, 2, 0, 1, 1, 1, 0, 0, 2, 0, 0, 0, 2, 2, 2, 2, 2, 0, 3, 0, 3, 3, 1, 3, 1, 3, 3, 3, 2, 0, 3, 0, 0, 0, 1, 0, 0, 0, 2, 2, 2, 3, 0, 0, 2, 0, 2, 2, 3, 0, 2, 0, 2, 2, 0, 2, 3, 0, 0, 1, 1, 2, 0, 1, 0, 3, 0, 1, 2, 0, 0, 1, 3, 1, 1, 2, 0, 2, 0, 3, 2, 1, 2, 2, 0, 3, 0, 1, 2, 0, 0, 0, 0, 1, 2, 2, 3, 0, 1, 3, 1, 0, 2, 1, 1, 0, 0, 2, 3, 0, 0, 3, 2, 0, 0, 0, 3, 0, 0, 2, 1, 1, 0, 1, 1, 1, 1, 2, 3, 1, 3, 3, 0, 3, 2, 1, 1, 1, 1, 0, 1, 0, 1, 3, 1, 2, 2, 0, 0, 1, 0, 0, 2, 1, 1, 1, 1, 1, 1, 3, 1, 1, 0, 0, 1, 2, 1, 1, 0, 0, 0, 1, 0, 0, 1, 0, 0, 0, 1, 1, 2, 0, 1, 0, 0, 2, 1, 0, 2, 3, 2, 2, 3, 0, 3, 2, 2, 2, 3, 1, 2, 2, 0, 0, 3, 0, 3, 0, 2, 1, 1, 0, 0, 3, 2, 3, 0, 2, 1, 2, 0, 0, 0, 0, 3, 1, 0, 0, 0, 2, 1, 3, 0, 1, 2, 3, 0, 0, 0, 2, 1, 0, 0, 0, 1, 0, 2, 0, 0, 0, 3, 3, 0, 2, 0, 2, 1, 3, 0, 0, 0, 0, 0, 1, 2, 1, 2, 0, 0, 0, 0, 2, 0, 2, 1, 2, 3, 2, 1, 0, 2, 0, 0, 0, 0, 0, 1, 0, 2, 1, 2, 0, 2, 3, 1, 0, 1, 1, 0, 3, 1, 0, 3, 0]
[1, 0, 3, 0, 1, 0, 0, 1, 3, 1, 3, 2, 0, 0, 0, 1, 2, 2, 0, 1, 1, 1, 0, 0, 2, 0, 0, 0, 0, 2, 0, 2, 1, 0, 3, 0, 3, 3, 1, 3, 1, 3, 3, 0, 0, 0, 3, 2, 0, 0, 1, 2, 0, 0, 2, 2, 2, 0, 2, 1, 2, 0, 2, 0, 3, 0, 2, 2, 0, 0, 0, 2, 3, 0, 1, 1, 1, 2, 1, 1, 0, 1, 0, 0, 0, 0, 2, 1, 3, 1, 0, 2, 1, 2, 0, 0, 2, 1, 2, 0, 1, 3, 0, 1, 2, 0, 2, 0, 0, 1, 2, 2, 3, 2, 0, 3, 1, 0, 0, 1, 1, 0, 0, 2, 3, 0, 2, 3, 2, 0, 0, 0, 3, 0, 0, 2, 1, 1, 0, 1, 1, 1, 1, 2, 3, 1, 0, 3, 0, 3, 0, 1, 1, 0, 1, 0, 1, 0, 1, 0, 1, 2, 2, 0, 2, 1, 0, 0, 2, 1, 1, 1, 0, 1, 1, 3, 1, 1, 0, 0, 0, 2, 1, 1, 2, 0, 0, 0, 1, 0, 1, 1, 0, 0, 1, 1, 0, 0, 1, 0, 0, 2, 1, 0, 2, 3, 2, 2, 3, 0, 3, 0, 0, 2, 3, 1, 0, 2, 0, 1, 0, 0, 3, 2, 2, 1, 1, 0, 0, 3, 2, 3, 0, 2, 1, 3, 0, 3, 0, 0, 1, 1, 2, 0, 0, 0, 1, 3, 0, 1, 2, 3, 0, 0, 1, 2, 1, 0, 0, 3, 1, 0, 2, 0, 0, 0, 3, 2, 3, 2, 0, 2, 1, 3, 0, 1, 0, 0, 0, 1, 2, 1, 2, 0, 0, 0, 0, 0, 0, 2, 1, 2, 3, 2, 1, 0, 2, 0, 0, 0, 0, 0, 1, 0, 2, 1, 0, 0, 2, 3, 1, 0, 1, 1, 0, 3, 1, 0, 3, 0]
[[98 10 13  3]
 [ 7 70  1  0]
 [17  1 49  1]
 [ 9  2  1 38]]
[0, 3, 3, 2, 1, 2, 0, 0, 1, 1, 0, 2, 1, 0, 1, 2, 0, 2, 2, 0, 1, 1, 0, 0, 0, 1, 2, 2, 0, 2, 2, 3, 0, 1, 3, 2, 1, 1, 0, 1, 1, 2, 2, 0, 1, 3, 2, 0, 3, 2, 3, 0, 1, 1, 0, 0, 3, 2, 0, 2, 1, 0, 0, 3, 0, 0, 2, 2, 1, 2, 3, 2, 1, 3, 0, 0, 1, 3, 0, 0, 0, 0, 0, 1, 0, 1, 1, 2, 0, 0, 1, 3, 0, 2, 3, 2, 0, 2, 0, 2, 1, 1, 0, 0, 0, 2, 0, 1, 2, 0, 2, 0, 1, 0, 3, 1, 1, 2, 2, 3, 0, 3, 1, 0, 3, 0, 2, 3, 3, 1, 1, 0, 3, 0, 0, 0, 0, 2, 3, 0, 1, 0, 1, 2, 2, 1, 0, 3, 2, 1, 3, 0, 0, 0, 0, 0, 2, 1, 1, 1, 0, 3, 1, 0, 0, 0, 0, 1, 2, 3, 2, 0, 2, 0, 1, 2, 0, 1, 3, 3, 0, 2, 0, 1, 2, 1, 2, 2, 0, 3, 0, 1, 1, 0, 2, 2, 0, 0, 3, 1, 0, 1, 3, 2, 0, 2, 1, 3, 3, 3, 3, 1, 3, 3, 0, 2, 0, 2, 3, 0, 3, 1, 2, 3, 0, 0, 0, 2, 0, 2, 2, 1, 0, 1, 0, 3, 2, 0, 1, 3, 1, 0, 1, 2, 3, 0, 1, 1, 3, 2, 2, 3, 0, 3, 3, 2, 1, 0, 0, 0, 0, 0, 1, 0, 0, 3, 0, 0, 2, 0, 0, 0, 2, 0, 2, 0, 0, 2, 1, 0, 1, 0, 1, 2, 1, 0, 1, 1, 3, 1, 2, 2, 1, 0, 0, 2, 0, 1, 1, 1, 2, 0, 1, 1, 1, 0, 1, 3, 0, 0, 1, 2, 3, 1, 0, 0, 1, 0, 1, 0]
[0, 0, 3, 2, 1, 2, 0, 0, 1, 1, 0, 0, 1, 0, 1, 0, 0, 0, 2, 1, 0, 1, 0, 3, 0, 1, 2, 2, 3, 2, 2, 3, 0, 1, 0, 2, 1, 1, 0, 1, 0, 2, 3, 0, 1, 0, 2, 0, 3, 0, 3, 0, 1, 1, 0, 0, 2, 2, 0, 2, 1, 0, 0, 3, 0, 0, 2, 2, 1, 2, 3, 2, 1, 0, 0, 0, 1, 3, 0, 3, 1, 2, 0, 1, 0, 1, 1, 0, 0, 0, 1, 3, 0, 2, 3, 2, 0, 2, 0, 2, 1, 0, 0, 2, 1, 2, 1, 1, 2, 3, 0, 0, 1, 0, 3, 1, 1, 2, 2, 3, 2, 3, 1, 0, 3, 0, 0, 3, 3, 1, 1, 1, 0, 2, 0, 0, 2, 2, 3, 0, 1, 0, 1, 2, 2, 1, 2, 3, 2, 1, 3, 2, 0, 0, 0, 0, 0, 1, 1, 1, 0, 3, 1, 0, 0, 0, 0, 3, 0, 3, 3, 0, 0, 0, 1, 2, 1, 1, 2, 0, 0, 0, 0, 1, 2, 1, 2, 2, 0, 3, 1, 1, 1, 0, 2, 2, 0, 0, 3, 1, 0, 1, 3, 0, 0, 2, 1, 3, 0, 3, 3, 1, 2, 3, 0, 0, 0, 2, 0, 2, 1, 1, 2, 3, 0, 0, 0, 2, 0, 0, 2, 1, 0, 1, 0, 0, 2, 0, 1, 3, 1, 0, 1, 2, 1, 2, 1, 1, 3, 2, 2, 3, 1, 3, 0, 2, 1, 2, 3, 0, 0, 0, 1, 0, 0, 0, 2, 0, 2, 2, 0, 0, 2, 0, 2, 0, 0, 2, 1, 0, 1, 3, 1, 2, 1, 0, 1, 1, 3, 1, 0, 0, 1, 0, 3, 2, 1, 1, 0, 0, 2, 0, 1, 1, 0, 0, 1, 0, 2, 0, 3, 2, 0, 1, 2, 0, 1, 2, 1, 0]
[[87  9 15  7]
 [ 6 73  0  2]
 [16  0 52  2]
 [13  2  3 33]]
[2, 3, 1, 3, 0, 2, 0, 4, 4, 1, 3, 2, 4, 4, 1, 4, 3, 1, 1, 4, 0, 1, 2, 0, 3, 4, 4, 0, 3, 2, 0, 3, 0, 4, 0, 2, 1, 2, 0, 0, 1, 4, 3, 1, 2, 2, 4, 0, 4, 4, 4, 0, 2, 3, 4, 2, 0, 3, 2, 2, 0, 0, 2, 1, 4, 4, 1, 1, 4, 2, 1, 4, 0, 3, 0, 2, 4, 3, 0, 4, 3, 0, 1, 1, 0, 4, 4, 4, 4, 3, 1, 3, 3, 2, 3, 0, 2, 2, 0, 1, 3, 2, 1, 0, 2, 1, 4, 2, 2, 2, 0, 1, 0, 4, 4, 1, 4, 0, 4, 3, 0, 1, 3, 3, 1, 2, 2, 1, 1, 1, 1, 3, 4, 1, 1, 0, 0, 2, 4, 0, 0, 4, 4, 0, 4, 2, 1, 4, 3, 0, 1, 0, 1, 3, 2, 2, 3, 3, 0, 2, 2, 2, 3, 4, 4, 0, 2, 1, 4, 2, 0, 0, 3, 3, 2, 2, 4, 3, 0, 0, 0, 4, 0, 1, 3, 3, 0, 1, 2, 0, 2, 3, 1, 4, 4, 4, 3, 1, 1, 0, 1, 1, 1, 0, 3, 1, 0, 3, 1, 2, 1, 1, 0, 3, 3, 2, 3, 3, 3, 0, 3, 1, 3, 4, 1, 3, 3, 1, 1, 4, 2, 2, 0, 0, 4, 2, 1, 1, 0, 3, 4, 0, 2, 3, 4, 4, 4, 0, 4, 1, 2, 3, 1, 4, 3, 4, 4, 2, 1, 2, 2, 4, 4, 3, 3, 1, 3, 1, 2, 3, 3, 1, 2, 2, 4, 2, 0, 1, 3, 0, 2, 4, 2, 2, 0, 0, 3, 3, 2, 2, 4, 0, 2, 0, 1, 3, 2, 4, 1, 0, 3, 2, 2, 4, 2, 0, 4, 3, 3, 1, 4, 1, 2, 2, 4, 3, 1, 3, 0, 0]
[2, 3, 1, 3, 0, 2, 2, 4, 4, 1, 3, 4, 4, 4, 1, 2, 2, 1, 1, 3, 0, 1, 2, 0, 3, 4, 4, 0, 3, 2, 0, 3, 0, 4, 0, 2, 1, 3, 0, 0, 1, 4, 3, 1, 3, 4, 4, 0, 4, 4, 4, 0, 2, 3, 4, 3, 0, 3, 2, 2, 0, 0, 3, 1, 4, 4, 1, 1, 4, 2, 1, 4, 0, 3, 0, 2, 4, 3, 0, 4, 3, 0, 1, 1, 0, 4, 4, 4, 4, 3, 1, 3, 3, 2, 3, 0, 2, 2, 0, 1, 3, 2, 1, 0, 2, 1, 4, 3, 2, 2, 0, 1, 0, 4, 4, 1, 4, 0, 4, 3, 0, 1, 3, 3, 1, 4, 3, 1, 1, 1, 1, 3, 4, 1, 1, 1, 0, 2, 4, 0, 0, 4, 4, 0, 4, 2, 1, 2, 3, 0, 1, 0, 1, 3, 4, 2, 3, 3, 0, 2, 2, 2, 3, 4, 4, 0, 2, 1, 4, 2, 0, 0, 3, 3, 4, 2, 4, 4, 0, 4, 0, 4, 0, 1, 3, 3, 0, 1, 2, 0, 3, 4, 1, 2, 4, 4, 3, 1, 1, 0, 1, 1, 1, 0, 3, 1, 1, 3, 1, 4, 1, 1, 0, 3, 3, 2, 3, 3, 3, 0, 3, 1, 2, 4, 1, 3, 3, 1, 1, 4, 2, 2, 2, 0, 4, 2, 1, 1, 0, 3, 4, 0, 2, 3, 4, 0, 4, 0, 4, 1, 2, 3, 1, 4, 3, 4, 4, 2, 1, 2, 3, 4, 4, 3, 3, 1, 3, 1, 2, 3, 3, 1, 3, 2, 4, 2, 0, 1, 2, 0, 2, 4, 2, 2, 0, 0, 3, 2, 2, 2, 4, 0, 2, 0, 1, 3, 2, 4, 1, 0, 3, 2, 0, 4, 2, 0, 4, 3, 2, 1, 3, 1, 2, 2, 4, 3, 1, 3, 0, 0]
[[59  2  2  0  1]
 [ 0 63  0  0  0]
 [ 1  0 49  9  6]
 [ 0  0  5 56  2]
 [ 1  0  3  2 59]]
