[3, 1, 3, 2, 3, 1, 3, 0, 0, 2, 3, 1, 1, 2, 1, 3, 3, 2, 2, 0, 3, 3, 2, 2, 0, 3, 1, 1, 2, 3, 0, 0, 0, 3, 3, 3, 2, 3, 2, 1, 3, 0, 1, 3, 1, 0, 3, 0, 3, 3, 3, 1, 1, 2, 2, 2, 2, 2, 3, 0, 0, 2, 3, 0, 1, 3, 2, 3, 3, 3, 3, 1, 3, 1, 1, 3, 2, 2, 2, 3, 0, 3, 2, 0, 3, 1, 0, 3, 0, 1, 0, 0, 0, 1, 2, 3, 3, 2, 2, 1, 1, 0, 3, 1, 2, 1, 1, 3, 1, 3, 2, 2, 2, 3, 3, 1, 1, 3, 3, 0, 1, 3, 1, 0, 1, 3, 3, 3, 0, 1, 3, 2, 2, 0, 1, 3, 0, 0, 3, 3, 3, 1, 0, 0, 0, 3, 3, 2, 0, 2, 3, 3, 2, 3, 1, 3, 1, 3, 3, 1, 0, 0, 1, 1, 1, 3, 0, 3, 1, 0, 0, 2, 1, 2, 2, 0, 3, 3, 1, 0, 2, 2, 0, 3, 3, 2, 3, 1, 3, 3, 3, 0, 1, 2, 3, 3, 3, 3, 0, 3, 1, 1, 2, 0, 0, 1, 3, 3, 0, 3, 1, 1, 3, 3, 1, 3, 3, 1, 2, 2, 0, 3, 2, 3, 3, 3, 3, 3, 3, 0, 3, 3, 3, 3, 0, 3, 0, 2, 2, 2, 3, 2, 3, 3, 3, 0, 2, 3, 3, 1, 3, 0, 3, 2, 2, 1, 1, 2, 0, 3, 3, 2, 2, 2, 0, 1, 3, 2, 1, 2, 0, 0, 1, 2, 2, 3, 3, 3, 0, 3, 3, 3, 3, 3, 3, 3, 3, 3, 1, 3, 0, 0, 0, 2, 3, 3, 3, 2, 0, 2, 3, 1, 3, 1, 1, 3, 0, 3, 0, 2, 3, 0, 1, 3, 2, 2, 2, 1, 0, 0]
[3, 1, 3, 2, 2, 1, 3, 0, 0, 3, 3, 1, 1, 2, 1, 3, 3, 2, 2, 1, 3, 3, 3, 2, 0, 3, 1, 1, 2, 3, 0, 0, 0, 3, 3, 3, 2, 3, 2, 1, 3, 0, 1, 3, 1, 0, 3, 0, 3, 3, 3, 0, 1, 2, 3, 3, 3, 2, 2, 0, 0, 3, 3, 0, 1, 3, 3, 3, 3, 3, 3, 1, 3, 1, 1, 3, 2, 2, 2, 3, 0, 3, 2, 0, 3, 1, 0, 3, 0, 1, 0, 0, 0, 1, 3, 3, 2, 2, 2, 1, 1, 0, 2, 1, 3, 1, 1, 3, 1, 2, 2, 3, 2, 3, 3, 1, 1, 3, 3, 0, 1, 3, 1, 0, 1, 3, 3, 3, 0, 1, 2, 2, 2, 0, 1, 3, 0, 0, 3, 3, 3, 1, 0, 0, 0, 3, 3, 2, 0, 2, 3, 3, 2, 2, 1, 3, 1, 3, 3, 1, 0, 0, 1, 1, 1, 3, 0, 3, 1, 0, 0, 3, 1, 2, 2, 0, 3, 3, 1, 0, 0, 2, 0, 3, 3, 2, 3, 1, 3, 3, 3, 0, 1, 3, 3, 3, 3, 3, 0, 3, 1, 1, 2, 0, 0, 1, 3, 3, 0, 3, 1, 1, 3, 3, 1, 3, 3, 1, 2, 2, 0, 3, 2, 3, 3, 3, 3, 3, 3, 0, 3, 3, 3, 2, 0, 3, 0, 2, 2, 3, 3, 2, 3, 3, 2, 0, 2, 3, 3, 1, 3, 0, 3, 2, 3, 1, 1, 3, 0, 3, 3, 2, 3, 2, 0, 1, 3, 3, 1, 2, 0, 0, 1, 3, 2, 2, 3, 3, 0, 3, 3, 2, 3, 2, 3, 3, 3, 3, 1, 3, 0, 0, 0, 2, 3, 2, 3, 2, 0, 3, 3, 1, 3, 1, 1, 3, 0, 0, 0, 3, 3, 0, 1, 3, 2, 2, 2, 1, 0, 0]
[[ 63   1   0   0]
 [  1  62   0   0]
 [  1   0  45  20]
 [  1   0  13 113]]
[1, 2, 1, 3, 2, 3, 1, 3, 3, 1, 3, 3, 1, 1, 2, 1, 3, 0, 1, 0, 3, 2, 3, 0, 3, 0, 0, 0, 3, 0, 3, 3, 0, 1, 2, 1, 1, 2, 0, 3, 2, 0, 2, 3, 0, 3, 1, 0, 3, 3, 1, 3, 3, 3, 1, 3, 3, 2, 3, 3, 2, 3, 3, 3, 1, 3, 0, 3, 3, 0, 3, 3, 3, 2, 1, 3, 3, 2, 3, 3, 0, 3, 3, 3, 2, 1, 3, 0, 1, 1, 1, 1, 3, 3, 1, 0, 1, 0, 2, 3, 2, 0, 0, 1, 3, 0, 0, 0, 2, 3, 1, 3, 3, 1, 2, 1, 3, 3, 3, 3, 3, 3, 3, 2, 3, 3, 3, 3, 2, 2, 2, 1, 3, 3, 3, 2, 1, 0, 3, 3, 2, 1, 1, 0, 3, 3, 3, 2, 3, 0, 2, 3, 0, 3, 2, 3, 2, 1, 2, 1, 3, 2, 2, 1, 1, 1, 0, 1, 2, 2, 3, 0, 3, 3, 3, 2, 0, 0, 3, 0, 2, 0, 2, 3, 2, 2, 0, 1, 3, 2, 3, 2, 1, 3, 1, 2, 1, 3, 0, 1, 3, 0, 2, 1, 2, 2, 0, 3, 3, 0, 0, 0, 3, 0, 2, 1, 3, 3, 2, 0, 1, 2, 2, 0, 2, 2, 1, 3, 3, 0, 3, 0, 0, 0, 2, 3, 2, 1, 0, 3, 3, 0, 2, 1, 1, 2, 3, 3, 3, 3, 3, 2, 3, 0, 3, 3, 3, 1, 0, 3, 1, 1, 0, 3, 3, 3, 2, 2, 3, 3, 1, 3, 1, 3, 3, 2, 0, 1, 0, 2, 2, 3, 3, 0, 0, 2, 2, 0, 0, 2, 0, 1, 3, 2, 1, 1, 0, 3, 3, 0, 0, 3, 3, 1, 3, 3, 3, 3, 0, 3, 3, 3, 3, 2, 1, 3, 1, 2, 1, 1]
[1, 3, 1, 3, 0, 3, 1, 3, 3, 1, 2, 2, 1, 1, 2, 1, 3, 0, 1, 0, 3, 2, 3, 1, 3, 0, 0, 0, 3, 0, 3, 3, 0, 1, 2, 1, 1, 2, 0, 3, 2, 0, 2, 3, 0, 3, 1, 0, 3, 3, 1, 3, 2, 3, 1, 3, 3, 2, 3, 3, 3, 3, 3, 3, 1, 3, 1, 3, 3, 0, 3, 3, 3, 2, 1, 3, 3, 3, 3, 3, 0, 3, 3, 3, 2, 1, 3, 0, 1, 1, 1, 1, 2, 3, 1, 0, 1, 0, 2, 3, 3, 0, 0, 1, 3, 0, 0, 0, 2, 3, 1, 3, 2, 1, 2, 1, 3, 3, 3, 3, 3, 3, 2, 2, 3, 2, 2, 3, 2, 3, 2, 1, 3, 3, 3, 3, 1, 0, 3, 3, 3, 1, 1, 0, 3, 3, 3, 2, 3, 0, 2, 3, 0, 3, 3, 3, 2, 1, 2, 1, 3, 3, 2, 1, 1, 1, 0, 1, 2, 3, 3, 0, 3, 3, 3, 2, 0, 0, 3, 0, 2, 0, 2, 3, 2, 3, 0, 1, 3, 3, 0, 2, 1, 3, 1, 2, 1, 3, 0, 1, 3, 0, 2, 1, 2, 3, 0, 3, 3, 0, 0, 0, 3, 0, 3, 1, 3, 2, 2, 0, 1, 2, 3, 0, 3, 3, 1, 3, 3, 0, 3, 0, 0, 0, 2, 3, 2, 3, 0, 3, 3, 0, 2, 1, 1, 2, 3, 3, 3, 3, 3, 2, 0, 0, 3, 3, 3, 1, 0, 3, 1, 1, 0, 3, 3, 3, 2, 2, 2, 3, 1, 3, 1, 3, 3, 2, 0, 1, 0, 2, 2, 3, 3, 0, 0, 2, 2, 0, 0, 3, 0, 1, 3, 3, 1, 1, 0, 3, 3, 0, 0, 3, 3, 1, 3, 3, 3, 3, 0, 3, 2, 2, 3, 3, 1, 3, 1, 2, 1, 1]
[[ 61   2   0   0]
 [  0  62   0   1]
 [  1   0  44  20]
 [  2   0  12 115]]
[2, 1, 3, 2, 1, 0, 3, 0, 3, 2, 3, 3, 0, 1, 3, 3, 1, 0, 3, 0, 3, 0, 3, 3, 0, 3, 0, 2, 1, 3, 3, 3, 0, 1, 2, 0, 0, 0, 1, 1, 0, 3, 1, 3, 2, 3, 3, 3, 3, 0, 0, 3, 3, 3, 1, 3, 3, 3, 0, 1, 3, 3, 3, 0, 2, 3, 3, 0, 2, 3, 2, 0, 0, 1, 0, 2, 2, 1, 2, 2, 3, 0, 2, 2, 3, 0, 1, 0, 0, 1, 0, 1, 0, 2, 2, 2, 3, 1, 3, 2, 0, 1, 0, 3, 0, 1, 1, 1, 1, 0, 0, 2, 3, 0, 0, 3, 1, 0, 0, 0, 3, 3, 1, 1, 2, 3, 0, 3, 0, 1, 3, 2, 1, 2, 2, 3, 0, 3, 1, 1, 0, 3, 2, 3, 2, 3, 1, 2, 0, 1, 0, 0, 1, 3, 3, 1, 2, 3, 3, 1, 0, 3, 3, 2, 0, 3, 3, 3, 3, 3, 1, 0, 3, 2, 2, 3, 1, 1, 1, 3, 1, 3, 2, 2, 1, 3, 1, 1, 3, 0, 3, 2, 1, 3, 3, 3, 2, 1, 1, 3, 0, 3, 3, 3, 3, 3, 1, 2, 3, 0, 2, 2, 3, 3, 3, 0, 2, 0, 3, 2, 3, 1, 3, 2, 1, 2, 1, 3, 1, 3, 2, 3, 0, 1, 2, 0, 3, 1, 1, 3, 2, 3, 2, 3, 1, 2, 1, 2, 1, 1, 2, 3, 3, 3, 3, 3, 2, 3, 0, 3, 3, 3, 3, 0, 0, 3, 3, 3, 3, 3, 2, 3, 3, 3, 3, 3, 0, 3, 3, 2, 3, 3, 0, 1, 3, 0, 2, 3, 2, 2, 2, 2, 3, 3, 3, 1, 0, 3, 3, 3, 1, 2, 2, 2, 2, 0, 3, 3, 3, 2, 3, 0, 0, 1, 1, 1, 2, 2, 3, 2]
[2, 1, 3, 2, 1, 0, 3, 0, 3, 2, 3, 3, 0, 1, 3, 2, 1, 0, 3, 0, 3, 0, 2, 3, 0, 3, 0, 3, 1, 3, 3, 3, 0, 1, 2, 0, 0, 0, 1, 1, 0, 3, 1, 2, 3, 3, 3, 3, 2, 0, 0, 3, 3, 3, 1, 3, 3, 3, 0, 1, 3, 3, 3, 3, 3, 3, 3, 0, 3, 2, 2, 0, 0, 1, 0, 3, 3, 1, 3, 2, 3, 0, 2, 2, 3, 0, 1, 0, 0, 1, 0, 1, 0, 2, 3, 3, 3, 1, 2, 2, 0, 1, 0, 3, 0, 1, 1, 1, 1, 0, 0, 2, 3, 0, 0, 3, 1, 0, 0, 0, 3, 3, 1, 1, 2, 3, 0, 3, 0, 1, 3, 3, 1, 2, 2, 2, 0, 3, 1, 1, 0, 3, 2, 3, 2, 3, 1, 2, 3, 1, 0, 0, 1, 3, 3, 1, 3, 3, 2, 1, 0, 3, 3, 2, 1, 3, 3, 3, 3, 3, 1, 0, 3, 2, 2, 3, 1, 1, 1, 3, 1, 3, 2, 2, 1, 2, 1, 1, 3, 0, 3, 3, 1, 3, 3, 3, 3, 1, 1, 3, 0, 3, 3, 3, 3, 3, 1, 2, 3, 0, 2, 3, 2, 3, 3, 0, 3, 0, 3, 2, 3, 1, 3, 3, 1, 3, 1, 3, 1, 3, 2, 3, 0, 1, 2, 3, 3, 1, 1, 3, 2, 3, 3, 3, 1, 3, 1, 2, 1, 1, 2, 3, 3, 3, 3, 3, 2, 3, 0, 3, 3, 3, 3, 0, 0, 2, 3, 3, 3, 3, 2, 3, 3, 3, 2, 3, 0, 3, 3, 2, 3, 3, 0, 1, 3, 0, 2, 2, 2, 3, 2, 2, 3, 3, 3, 1, 0, 3, 2, 3, 1, 2, 2, 2, 2, 0, 3, 3, 3, 2, 3, 0, 0, 1, 1, 1, 2, 2, 3, 2]
[[ 60   1   0   3]
 [  0  63   0   0]
 [  0   0  45  20]
 [  0   0  14 114]]
[3, 3, 1, 2, 1, 3, 1, 3, 1, 2, 0, 3, 0, 2, 3, 3, 1, 2, 0, 0, 1, 1, 3, 0, 3, 3, 1, 3, 1, 3, 3, 3, 3, 0, 3, 2, 2, 0, 1, 3, 3, 0, 3, 0, 3, 3, 3, 3, 3, 1, 3, 1, 3, 0, 3, 0, 3, 3, 1, 2, 0, 2, 0, 0, 3, 3, 2, 3, 3, 2, 0, 1, 3, 3, 2, 3, 3, 2, 1, 3, 1, 3, 1, 3, 3, 3, 0, 0, 3, 2, 3, 2, 0, 2, 0, 2, 3, 3, 3, 3, 2, 0, 2, 2, 3, 2, 0, 2, 3, 1, 2, 3, 3, 0, 3, 2, 0, 2, 2, 3, 0, 2, 3, 3, 2, 0, 3, 2, 2, 3, 0, 3, 0, 0, 1, 3, 2, 1, 2, 2, 2, 3, 3, 3, 0, 0, 3, 3, 3, 3, 1, 1, 0, 1, 2, 1, 3, 2, 0, 2, 3, 1, 3, 0, 0, 1, 0, 2, 0, 0, 3, 0, 3, 3, 3, 3, 1, 3, 3, 1, 1, 3, 0, 0, 1, 0, 2, 3, 3, 3, 2, 1, 0, 3, 2, 1, 0, 3, 1, 2, 3, 3, 3, 1, 3, 2, 3, 3, 2, 3, 3, 2, 3, 0, 3, 1, 1, 1, 2, 2, 0, 3, 3, 1, 2, 3, 3, 2, 3, 3, 3, 3, 1, 3, 1, 2, 2, 3, 0, 3, 2, 0, 2, 3, 0, 0, 1, 1, 3, 3, 0, 1, 1, 3, 2, 1, 0, 3, 1, 0, 2, 2, 3, 2, 1, 0, 1, 1, 2, 2, 2, 1, 1, 3, 0, 0, 0, 3, 3, 0, 3, 1, 3, 1, 2, 0, 3, 3, 1, 2, 1, 2, 3, 3, 0, 3, 0, 3, 3, 3, 0, 2, 3, 0, 1, 1, 3, 3, 1, 2, 1, 1, 3, 3, 0, 3, 1, 1, 3, 0]
[3, 3, 1, 2, 1, 3, 1, 3, 1, 3, 0, 2, 0, 3, 3, 3, 1, 2, 0, 0, 1, 1, 3, 0, 2, 3, 1, 3, 1, 3, 3, 3, 3, 0, 3, 3, 2, 0, 1, 3, 2, 0, 3, 0, 2, 3, 3, 3, 3, 1, 3, 1, 3, 0, 3, 0, 3, 3, 1, 2, 0, 3, 0, 0, 3, 3, 2, 3, 3, 2, 0, 1, 3, 3, 2, 3, 3, 2, 1, 3, 1, 3, 1, 3, 0, 2, 0, 0, 3, 2, 3, 3, 0, 2, 0, 2, 3, 3, 3, 3, 2, 0, 3, 2, 3, 2, 0, 3, 3, 1, 2, 3, 3, 0, 3, 3, 1, 2, 2, 3, 0, 3, 3, 3, 2, 2, 3, 2, 3, 3, 0, 3, 0, 0, 1, 3, 2, 1, 2, 2, 3, 3, 3, 3, 0, 0, 3, 3, 2, 3, 1, 1, 0, 0, 3, 1, 3, 2, 0, 3, 3, 1, 2, 0, 0, 1, 0, 2, 1, 0, 3, 0, 3, 3, 3, 2, 1, 2, 3, 1, 1, 3, 0, 0, 1, 0, 3, 2, 3, 3, 0, 0, 0, 3, 2, 1, 0, 3, 1, 3, 3, 3, 3, 1, 3, 2, 3, 3, 3, 3, 3, 3, 3, 0, 3, 1, 1, 1, 3, 3, 0, 2, 2, 1, 3, 3, 3, 2, 3, 3, 3, 3, 1, 3, 1, 2, 2, 3, 0, 3, 3, 0, 2, 3, 0, 0, 1, 1, 3, 3, 0, 1, 1, 3, 2, 1, 0, 3, 1, 0, 2, 2, 3, 3, 1, 0, 1, 1, 3, 2, 0, 1, 1, 3, 0, 0, 0, 2, 3, 0, 3, 1, 3, 1, 2, 0, 3, 3, 1, 2, 1, 2, 3, 3, 0, 3, 0, 3, 3, 3, 0, 3, 2, 0, 1, 1, 3, 3, 1, 2, 1, 1, 3, 3, 0, 3, 1, 1, 2, 0]
[[ 61   2   1   0]
 [  2  60   0   0]
 [  2   0  38  24]
 [  1   0  15 114]]
[3, 0, 3, 0, 3, 1, 3, 3, 3, 0, 0, 1, 2, 0, 3, 1, 0, 3, 1, 3, 2, 1, 3, 3, 3, 3, 3, 0, 3, 0, 2, 3, 2, 0, 1, 0, 1, 0, 2, 3, 1, 1, 2, 3, 1, 3, 2, 3, 1, 1, 3, 0, 2, 3, 2, 2, 3, 0, 2, 3, 1, 3, 1, 2, 0, 2, 2, 1, 0, 2, 3, 3, 0, 0, 2, 1, 3, 2, 1, 3, 3, 3, 3, 2, 0, 2, 1, 1, 3, 2, 1, 3, 2, 0, 2, 3, 3, 2, 2, 3, 3, 2, 0, 3, 1, 3, 3, 1, 3, 3, 3, 1, 2, 1, 2, 2, 2, 1, 3, 3, 2, 1, 0, 0, 3, 3, 0, 3, 3, 3, 3, 1, 3, 0, 0, 3, 3, 1, 0, 3, 0, 3, 2, 3, 0, 0, 1, 3, 3, 2, 0, 3, 2, 2, 1, 2, 3, 0, 3, 2, 2, 3, 1, 3, 3, 1, 0, 3, 0, 2, 3, 0, 3, 3, 3, 3, 3, 0, 3, 3, 3, 3, 3, 3, 2, 1, 2, 3, 2, 3, 1, 0, 0, 2, 1, 0, 3, 0, 3, 3, 0, 0, 1, 1, 1, 1, 0, 0, 3, 0, 1, 1, 0, 2, 2, 1, 0, 0, 0, 2, 2, 2, 3, 0, 3, 3, 3, 3, 2, 3, 1, 3, 3, 0, 3, 1, 0, 3, 3, 0, 0, 1, 1, 3, 3, 3, 3, 3, 3, 2, 3, 3, 2, 3, 2, 1, 2, 3, 0, 2, 3, 1, 2, 2, 3, 3, 3, 0, 2, 3, 3, 1, 3, 3, 3, 3, 2, 3, 1, 0, 2, 0, 2, 3, 0, 2, 3, 1, 2, 3, 3, 0, 3, 2, 2, 1, 2, 3, 0, 1, 2, 1, 3, 1, 3, 0, 3, 3, 1, 1, 3, 1, 1, 1, 1, 3, 0, 2, 0, 0]
[3, 0, 3, 0, 3, 1, 3, 3, 2, 0, 0, 1, 2, 1, 3, 1, 0, 3, 1, 2, 3, 1, 3, 3, 3, 3, 3, 0, 3, 0, 3, 3, 3, 0, 0, 0, 1, 0, 2, 3, 1, 1, 2, 3, 1, 3, 3, 3, 1, 1, 3, 0, 2, 3, 2, 2, 3, 0, 2, 3, 1, 3, 1, 2, 0, 2, 2, 1, 0, 2, 3, 2, 0, 0, 2, 1, 3, 2, 1, 3, 3, 2, 3, 2, 0, 3, 1, 1, 3, 2, 1, 3, 2, 0, 2, 3, 3, 2, 2, 2, 2, 3, 0, 3, 1, 3, 2, 1, 3, 3, 2, 1, 2, 1, 0, 2, 3, 1, 3, 2, 3, 1, 0, 0, 2, 3, 0, 3, 3, 3, 3, 1, 2, 0, 0, 3, 3, 1, 0, 3, 1, 3, 2, 3, 0, 0, 1, 3, 3, 2, 0, 3, 2, 2, 1, 3, 3, 0, 3, 2, 2, 3, 1, 3, 3, 1, 0, 3, 0, 2, 3, 0, 3, 3, 3, 2, 3, 0, 3, 3, 3, 2, 3, 3, 3, 1, 3, 3, 2, 3, 1, 0, 0, 2, 1, 0, 3, 0, 2, 3, 0, 0, 1, 1, 1, 1, 0, 0, 3, 3, 1, 1, 0, 2, 3, 1, 0, 0, 0, 3, 2, 2, 3, 0, 2, 3, 3, 3, 2, 3, 1, 3, 3, 0, 3, 1, 0, 3, 3, 0, 0, 1, 1, 2, 3, 3, 2, 3, 3, 3, 3, 3, 2, 3, 3, 1, 2, 3, 0, 2, 3, 1, 2, 3, 3, 2, 3, 0, 1, 3, 3, 1, 3, 3, 3, 3, 2, 3, 1, 0, 2, 0, 2, 3, 0, 2, 3, 1, 2, 3, 3, 0, 3, 2, 2, 1, 2, 3, 0, 1, 2, 1, 3, 1, 3, 2, 3, 3, 1, 1, 3, 1, 1, 1, 1, 3, 0, 2, 0, 3]
[[ 59   2   1   2]
 [  1  60   0   0]
 [  1   1  48  16]
 [  0   0  18 111]]
[3, 3, 2, 0, 3, 3, 1, 3, 3, 3, 0, 0, 1, 3, 0, 0, 0, 3, 3, 3, 3, 3, 2, 3, 3, 2, 3, 3, 3, 2, 3, 2, 3, 1, 0, 0, 3, 0, 0, 0, 1, 2, 3, 3, 2, 3, 0, 1, 1, 3, 1, 2, 2, 2, 2, 0, 2, 1, 2, 0, 3, 1, 1, 2, 3, 3, 2, 0, 3, 1, 2, 0, 3, 1, 2, 3, 0, 1, 2, 3, 3, 0, 3, 1, 3, 3, 1, 3, 2, 1, 3, 2, 3, 3, 1, 2, 3, 3, 0, 2, 1, 3, 1, 3, 3, 0, 0, 0, 1, 0, 2, 2, 3, 3, 1, 3, 1, 0, 3, 3, 3, 1, 2, 2, 1, 0, 0, 3, 3, 3, 0, 3, 2, 0, 2, 3, 2, 1, 3, 1, 0, 3, 3, 1, 2, 0, 0, 3, 2, 0, 3, 2, 3, 3, 2, 2, 0, 3, 2, 3, 3, 3, 1, 1, 0, 1, 0, 3, 0, 1, 2, 3, 3, 3, 3, 3, 1, 2, 3, 3, 2, 3, 0, 1, 2, 1, 3, 1, 0, 3, 1, 2, 3, 2, 3, 2, 3, 2, 3, 1, 2, 3, 2, 1, 1, 1, 3, 2, 0, 0, 3, 3, 1, 3, 0, 3, 3, 3, 0, 0, 2, 1, 3, 1, 3, 3, 0, 0, 3, 0, 3, 0, 1, 1, 0, 2, 0, 1, 1, 1, 3, 3, 3, 1, 0, 1, 2, 2, 3, 0, 0, 1, 2, 0, 3, 0, 2, 1, 3, 3, 3, 1, 1, 2, 0, 3, 2, 3, 1, 3, 2, 1, 2, 2, 2, 2, 0, 3, 1, 3, 2, 3, 3, 3, 2, 3, 0, 2, 0, 0, 2, 3, 0, 1, 1, 3, 2, 3, 3, 3, 2, 3, 1, 3, 1, 1, 3, 3, 3, 2, 3, 3, 3, 3, 3, 3, 3, 0, 3, 0]
[3, 3, 2, 0, 3, 3, 1, 3, 3, 3, 0, 0, 1, 3, 0, 0, 0, 3, 3, 3, 3, 3, 2, 3, 3, 3, 2, 3, 3, 2, 3, 2, 3, 1, 0, 0, 3, 0, 0, 0, 1, 2, 3, 3, 3, 3, 0, 1, 1, 2, 1, 3, 2, 3, 2, 0, 2, 1, 2, 0, 3, 1, 1, 2, 3, 3, 2, 0, 3, 1, 2, 0, 3, 1, 2, 3, 0, 1, 2, 3, 3, 0, 3, 1, 3, 3, 1, 3, 2, 1, 3, 2, 3, 2, 1, 2, 3, 2, 0, 3, 1, 3, 1, 3, 3, 0, 1, 0, 1, 0, 3, 2, 2, 3, 1, 3, 1, 0, 3, 2, 3, 1, 2, 3, 1, 0, 0, 3, 2, 3, 0, 3, 2, 0, 2, 3, 2, 1, 2, 1, 0, 3, 3, 1, 2, 0, 0, 3, 3, 0, 3, 3, 3, 3, 2, 2, 0, 3, 3, 3, 3, 3, 1, 1, 0, 1, 0, 3, 0, 1, 3, 2, 3, 3, 2, 3, 1, 2, 3, 3, 3, 2, 0, 1, 2, 1, 3, 1, 0, 3, 1, 2, 3, 3, 3, 2, 3, 2, 3, 1, 2, 3, 3, 1, 1, 1, 3, 2, 0, 0, 3, 3, 1, 3, 0, 3, 3, 3, 0, 0, 3, 1, 3, 1, 3, 3, 0, 0, 3, 0, 2, 0, 1, 1, 1, 2, 0, 1, 1, 1, 3, 3, 3, 1, 0, 1, 3, 3, 2, 0, 0, 1, 2, 0, 3, 0, 2, 1, 3, 3, 3, 1, 1, 2, 0, 3, 2, 3, 1, 3, 2, 1, 3, 3, 2, 2, 0, 2, 1, 3, 2, 0, 3, 3, 3, 2, 0, 2, 0, 0, 3, 3, 0, 1, 1, 3, 2, 3, 3, 3, 2, 3, 1, 2, 1, 1, 3, 3, 1, 2, 3, 3, 3, 3, 2, 3, 2, 0, 3, 0]
[[ 60   2   0   0]
 [  0  62   0   0]
 [  0   0  45  21]
 [  1   1  18 110]]
[3, 1, 1, 2, 2, 3, 2, 0, 3, 3, 0, 1, 3, 2, 1, 3, 2, 0, 0, 0, 2, 3, 0, 1, 2, 0, 2, 2, 1, 1, 1, 0, 3, 2, 1, 1, 2, 0, 2, 1, 0, 1, 2, 1, 2, 0, 3, 2, 0, 1, 0, 3, 0, 0, 1, 3, 2, 3, 2, 2, 3, 2, 0, 2, 1, 0, 1, 1, 2, 1, 0, 3, 1, 3, 2, 1, 3, 1, 3, 0, 0, 2, 3, 3, 0, 1, 1, 0, 0, 3, 2, 3, 3, 2, 0, 3, 1, 2, 0, 2, 2, 0, 1, 3, 0, 0, 3, 2, 3, 3, 3, 3, 1, 2, 2, 1, 1, 2, 3, 1, 1, 0, 0, 3, 0, 1, 3, 1]
[1, 1, 1, 1, 1, 1, 1, 1, 1, 1, 1, 1, 1, 1, 1, 1, 1, 1, 1, 1, 1, 1, 1, 1, 1, 1, 1, 1, 1, 1, 1, 1, 1, 1, 1, 1, 1, 1, 1, 1, 1, 1, 1, 1, 1, 1, 1, 1, 1, 1, 1, 1, 1, 1, 1, 1, 1, 1, 1, 1, 1, 1, 1, 1, 1, 1, 1, 1, 1, 1, 1, 1, 1, 1, 1, 1, 1, 1, 1, 1, 1, 1, 1, 1, 1, 1, 1, 1, 1, 1, 1, 1, 1, 1, 1, 1, 1, 1, 1, 1, 1, 1, 1, 1, 1, 1, 1, 1, 1, 1, 1, 1, 1, 1, 1, 1, 1, 1, 1, 1, 1, 1, 1, 1, 1, 1, 1, 1]
[[ 0 31  0  0]
 [ 0 33  0  0]
 [ 0 32  0  0]
 [ 0 32  0  0]]
[2, 1, 4, 2, 3, 4, 1, 1, 1, 1, 3, 2, 0, 1, 2, 2, 2, 1, 2, 2, 4, 0, 1, 1, 1, 1, 4, 1, 0, 1, 3, 2, 0, 2, 2, 3, 2, 1, 4, 0, 0, 4, 0, 3, 4, 3, 1, 4, 2, 4, 2, 3, 1, 3, 3, 3, 3, 1, 4, 0, 2, 0, 0, 0, 3, 1, 0, 0, 2, 4, 3, 3, 2, 1, 4, 3, 2, 4, 0, 1, 2, 0, 3, 0, 4, 1, 4, 2, 1, 4, 4, 0, 3, 1, 3, 1, 3, 0, 2, 1, 3, 2, 2, 4, 1, 1, 4, 3, 1, 3, 2, 0, 4, 2, 4, 4, 1, 4, 3, 0, 0, 0, 2, 4, 3, 3, 0, 2, 1, 2, 3, 3, 4, 0, 0, 0, 0, 3, 2, 4, 2, 4, 0, 0, 4, 3, 3, 4, 0, 2, 3, 0, 4, 0, 2, 1, 4, 3, 4, 1]
[2, 1, 2, 2, 2, 4, 1, 1, 1, 1, 3, 4, 0, 1, 0, 2, 2, 1, 2, 2, 4, 0, 1, 1, 1, 1, 4, 1, 0, 1, 3, 2, 0, 2, 2, 3, 2, 1, 2, 0, 0, 4, 0, 3, 4, 3, 1, 2, 2, 4, 2, 3, 1, 3, 3, 3, 3, 1, 4, 0, 2, 0, 0, 0, 3, 1, 0, 0, 2, 4, 2, 3, 3, 1, 4, 3, 2, 4, 0, 1, 2, 0, 2, 0, 4, 1, 1, 2, 1, 4, 4, 0, 3, 1, 3, 1, 3, 0, 2, 1, 3, 3, 2, 2, 1, 1, 4, 3, 1, 3, 3, 0, 4, 2, 4, 4, 1, 4, 4, 0, 0, 0, 2, 4, 3, 3, 0, 4, 1, 2, 3, 3, 4, 0, 0, 0, 0, 3, 2, 4, 2, 3, 0, 0, 4, 3, 3, 2, 0, 2, 3, 0, 4, 0, 3, 1, 4, 2, 3, 1]
[[32  0  0  0  0]
 [ 0 32  0  0  0]
 [ 1  0 25  4  2]
 [ 0  0  4 27  1]
 [ 0  1  5  2 24]]
[0, 3, 2, 1, 1, 0, 3, 1, 4, 3, 3, 4, 3, 0, 1, 3, 0, 1, 4, 2, 0, 0, 3, 1, 0, 4, 1, 2, 4, 0, 1, 3, 4, 3, 1, 1, 3, 3, 2, 0, 4, 1, 0, 0, 0, 0, 2, 2, 2, 1, 4, 4, 0, 3, 4, 2, 3, 4, 2, 2, 4, 0, 0, 1, 4, 0, 4, 0, 3, 0, 3, 1, 1, 0, 1, 1, 3, 2, 1, 0, 3, 4, 1, 1, 2, 1, 3, 0, 3, 0, 0, 4, 3, 1, 1, 4, 0, 3, 3, 4, 4, 2, 0, 2, 2, 4, 4, 3, 2, 4, 2, 1, 3, 2, 0, 2, 3, 2, 0, 2, 3, 0, 1, 0, 4, 1, 4, 2, 1, 0, 0, 2, 2, 2, 2, 4, 1, 4, 4, 2, 3, 4, 3, 2, 2, 0, 3, 1, 3, 2, 2, 1, 4, 3, 2, 4, 4, 3, 4, 1]
[0, 3, 3, 1, 1, 0, 3, 1, 4, 3, 3, 4, 3, 0, 1, 3, 0, 1, 4, 2, 0, 0, 3, 1, 0, 4, 1, 2, 4, 0, 1, 3, 4, 3, 1, 1, 3, 4, 2, 0, 4, 1, 0, 0, 0, 0, 2, 4, 2, 1, 4, 4, 0, 3, 4, 3, 4, 4, 2, 2, 4, 0, 0, 1, 4, 0, 4, 0, 3, 0, 4, 1, 1, 0, 1, 1, 3, 2, 1, 0, 3, 4, 1, 1, 2, 1, 3, 0, 3, 0, 0, 4, 3, 1, 1, 4, 0, 4, 2, 4, 4, 2, 0, 3, 2, 0, 4, 3, 2, 4, 2, 1, 3, 3, 0, 2, 3, 2, 0, 2, 3, 0, 1, 0, 4, 1, 4, 2, 1, 0, 0, 2, 2, 2, 2, 4, 1, 4, 3, 2, 3, 4, 3, 2, 2, 0, 3, 1, 3, 2, 2, 1, 4, 3, 2, 4, 2, 3, 4, 1]
[[33  0  0  0  0]
 [ 0 31  0  0  0]
 [ 0  0 27  4  1]
 [ 0  0  1 27  4]
 [ 1  0  1  1 29]]
[0, 4, 4, 2, 4, 1, 0, 0, 3, 3, 3, 2, 3, 3, 2, 2, 0, 1, 2, 3, 0, 3, 2, 3, 2, 4, 2, 1, 3, 0, 1, 3, 0, 2, 3, 1, 2, 1, 2, 3, 3, 3, 2, 2, 3, 4, 3, 3, 0, 4, 3, 0, 0, 1, 4, 0, 0, 3, 4, 4, 1, 0, 1, 2, 1, 3, 4, 4, 3, 1, 2, 3, 4, 3, 2, 0, 4, 4, 0, 4, 4, 0, 2, 1, 3, 0, 0, 1, 0, 3, 3, 1, 4, 3, 2, 2, 2, 2, 4, 3, 3, 0, 2, 4, 1, 0, 4, 2, 4, 3, 2, 1, 0, 2, 2, 3, 4, 2, 4, 1, 0, 2, 4, 3, 4, 4, 1, 0, 4, 3, 3, 4, 2, 2, 1, 0, 2, 2, 4, 0, 3, 1, 2, 1, 1, 4, 4, 0, 0, 4, 4, 2, 0, 0, 0, 2, 1, 0, 4, 4, 4, 0, 3, 0, 0, 3, 4, 4, 2, 4, 0, 4, 0, 4, 3, 4, 4, 4, 2, 1, 1, 1, 4, 2, 1, 1, 0, 4, 4, 1, 2, 0, 3, 4, 1, 3, 0, 3, 1, 3, 1, 0, 3, 4, 2, 0, 3, 0, 0, 2, 3, 0, 2, 4, 4, 4, 4, 4, 0, 1, 1, 0, 2, 2, 2, 1, 2, 2, 1, 1, 4, 3, 0, 0, 2, 3, 4, 4, 3, 0, 3, 1, 1, 2, 2, 2, 4, 2, 0, 2, 3, 0, 2, 4, 0, 2, 2, 0, 2, 2, 3, 4, 2, 3, 1, 0, 3, 0, 3, 0, 0, 4, 3, 2, 2, 0, 3, 1, 4, 1, 1, 3, 4, 1, 1, 1, 1, 1, 1, 1, 1, 3, 2, 3, 0, 1, 4, 1, 1, 1, 3, 2, 3, 4, 0, 4, 1, 4, 1, 2, 4, 3, 0, 4, 3, 4, 1, 2, 0, 3, 4, 3, 1, 3, 1, 0, 4, 0, 4, 4, 0, 3, 0, 3, 2, 4, 2, 2, 2, 2, 1, 1, 1, 0, 3, 2, 0, 0, 2, 4, 0, 2, 0, 0, 2, 3, 2, 4, 1, 0, 2, 1, 1, 1, 3, 4, 0, 3, 2, 0, 0, 0, 1, 4, 2, 4, 3, 2, 2, 2, 1, 4, 3, 4, 4, 0, 0, 2, 4, 2, 4, 4, 3, 4, 4, 1, 3, 0, 2, 2, 1, 3, 3, 1, 1, 1, 2, 1, 4, 1, 4, 1, 3, 0, 0, 0, 3, 3, 2, 3, 1, 3, 1, 2, 4, 0, 3, 1, 4, 3, 4, 1, 1, 2, 2, 0, 1, 0, 2, 4, 4, 2, 4, 4, 4, 4, 0, 0, 3, 0, 2, 0, 2, 3, 3, 4, 2, 2, 4, 1, 2, 4, 3, 0, 4, 3, 1, 2, 1, 3, 2, 1, 0, 0, 3, 0, 3, 1, 4, 3, 0, 4, 0, 2, 2, 2, 0, 1, 1, 3, 1, 2, 1, 4, 4, 2, 3, 3, 0, 3, 0, 3, 1, 1, 0, 4, 4, 1, 0, 2, 2, 0, 3, 1, 4, 1, 2, 0, 1, 4, 2, 2, 3, 3, 1, 4, 3, 1, 4, 2, 1, 3, 0, 4, 1, 4, 3, 0, 4, 4, 1, 2, 4, 1, 3, 3, 2, 2, 4, 4, 3, 3, 4, 0, 3, 4, 1, 2, 1, 0, 1, 2, 3, 0, 0, 4, 3, 3, 3, 4, 2, 3, 0, 2, 1, 2, 1, 4, 2, 0, 0, 2, 4, 0, 2, 2, 2, 0, 2, 3, 2, 4, 0, 2, 3, 3, 1, 3, 4, 0, 0, 0, 2, 4, 1, 3, 3, 2, 1, 2, 3, 2, 0, 4, 1, 1, 3, 3, 1, 4, 2, 0, 2, 0, 1, 0, 3, 2, 1, 4, 4, 4, 3, 4, 0, 2, 3, 3, 2, 4, 3, 4, 2, 0, 0, 0, 4, 3, 2, 1, 2, 2, 4, 1, 0, 0, 1, 2, 4, 3, 0, 0, 1, 3, 1, 1, 0, 0, 4, 2, 1, 4, 2, 3, 0, 0, 1, 0, 0, 0, 3, 0, 0, 3, 0, 3, 1, 4, 4, 1, 3, 0, 3, 2, 2, 3, 3, 2, 2, 4, 4, 4, 1, 0, 2, 0, 0, 2, 3, 1, 4, 2, 3, 4, 0, 1, 3, 1, 1, 1, 3, 0, 1, 3, 4, 2, 3, 0, 1, 2, 3, 0, 4, 3, 3, 4, 1, 0, 1, 1, 3, 1, 1, 0, 4, 1, 0, 4, 3, 2, 2, 4, 0, 0, 2, 0, 2, 0, 3, 2, 2, 0, 0, 2, 0, 1, 1, 3, 2, 1, 1, 1, 3, 2, 2, 2, 4, 1, 1, 1, 3, 1, 3, 4, 3, 3, 1, 2, 1, 3, 3, 0, 2, 3, 3, 3, 4, 2, 0, 4, 2, 4, 4, 3, 1, 0, 0, 2, 2, 4, 2, 4, 2, 4, 4, 3, 2, 2, 3, 0, 4, 0, 2, 0, 4, 2, 0, 1, 4, 1, 3, 0, 0, 1, 0, 0, 4, 2, 1, 0, 4, 2, 0, 0, 3, 2, 4, 1, 1, 4, 0, 4, 2, 3, 4, 3, 3, 0, 2, 3, 4, 1, 1, 2, 2, 3, 1, 4, 2, 4, 2, 0, 3, 3, 2, 3, 4, 3, 3, 1, 1, 4, 3, 2, 0, 4, 2, 1, 3, 1, 2, 1, 2, 4, 0, 4, 2, 1, 4, 3, 4, 1, 1, 3, 0, 0, 3, 2, 1, 0, 0, 1, 2, 3, 0, 2, 1, 0, 4, 0, 2, 0, 2, 4, 3, 4, 1, 3, 4, 1, 2, 1, 0, 3, 3, 2, 0, 4, 3, 0, 3, 4, 1, 0, 3, 1, 0, 1, 1, 3, 4, 0, 1, 3, 3, 3, 3, 0, 1, 0, 0, 3, 4, 3, 4, 3, 4, 1, 3, 0, 1, 2, 0, 0, 4, 3, 4, 2, 1, 4, 0, 0, 4, 2, 0, 3, 3, 0, 0, 0, 1, 4, 2, 2, 4, 1, 2, 2, 0, 4, 1, 3, 1, 4, 4, 4, 4, 1, 4, 2, 2, 0, 0, 3, 3, 0, 1, 0, 3, 2, 1, 3, 4, 4, 0, 4, 2, 0, 0, 4, 4, 2, 3, 4, 3, 1, 0, 4, 0, 1, 4, 1, 2, 2, 3, 4, 4, 1, 0, 1, 4, 3, 4, 0, 4, 3, 4, 4, 3, 0, 2, 3, 2, 4, 0, 2, 0, 2, 2, 4, 1, 1, 2, 2, 4, 0, 1, 1, 0, 3, 3, 0, 2, 1, 2, 3, 3, 3, 4, 2, 3, 2, 0, 0, 2, 1, 4, 3, 1, 3, 2, 0, 1, 4, 4, 1, 2, 1, 2, 2, 3, 2, 4, 3, 2, 4, 3, 4, 0, 1, 4, 0, 1, 4, 4, 4, 4, 1, 0, 0, 1, 1, 3, 1, 1, 2, 0, 0, 0, 1, 3, 3, 4, 2, 1, 0, 4, 1, 2, 1, 3, 4, 0, 2, 0, 2, 0, 2, 2, 3, 1, 1, 3, 3, 4, 3, 2, 2, 3, 1, 1, 1, 3, 4, 0, 2, 3, 0, 1, 2, 1, 3, 4, 0, 4, 1, 0, 2, 4, 0, 1, 4, 3, 3, 1, 0, 2, 0, 1, 1, 2, 2, 2, 1, 3, 4, 4, 1, 0, 4, 2, 0, 2, 2, 2, 1, 4, 0, 2, 1, 1, 0, 1, 3, 4, 1, 0, 1, 2, 1, 2, 4, 4, 3, 3, 3, 4, 3, 0, 1, 1, 0, 1, 4, 0, 2, 3, 0, 2, 0, 4, 0, 3, 0, 3, 2, 3, 2, 2, 2, 2, 3, 4, 0, 0, 1, 0, 2, 0, 3, 3, 3, 3, 1, 2, 0, 1, 2, 2, 4, 2, 1, 0, 0, 2, 0, 1, 0, 3, 2, 1, 0, 4, 1, 2, 0, 0, 1, 3, 4, 3, 2, 2, 2, 4, 1, 0, 3, 2, 2, 3, 2, 0, 4, 1, 4, 1, 3, 3, 2, 3, 3, 3, 2, 4, 0, 1, 4, 2, 3, 4, 1, 0, 4, 1, 2, 1, 3, 3, 3, 4, 0, 1, 1, 1, 1, 3, 4, 4, 4, 0, 2, 2, 3, 3, 2, 4, 3, 3, 1, 2, 4, 0, 0, 3, 2, 1, 2, 4, 2, 4, 1, 2, 4, 0, 0, 3, 3, 3, 4, 3, 4, 1, 4, 4, 4, 2, 1, 1, 4, 3, 0, 1, 1, 2, 0, 3, 1, 4, 4, 2, 4, 1, 4, 1, 2, 3, 2, 0, 4, 0, 4, 2, 0, 0, 1, 2, 1, 1, 0, 0, 2, 4, 4, 3, 0, 3, 1, 1, 0, 3, 2, 2, 2, 0, 4, 4, 4, 2, 2, 4, 0, 3, 1, 0, 3, 3, 0, 0, 3, 2, 0, 4, 1, 1, 4, 0, 0, 3, 2, 1, 4, 1, 0, 0, 1, 4, 0, 4, 0, 4, 4, 0, 0, 2, 2, 3, 1, 4, 4, 4, 4, 0, 2, 1, 2, 3, 1, 4, 2, 0, 3, 0, 1, 3, 2, 2, 4, 3, 3, 4, 1, 4, 3, 2, 4, 1, 0, 4, 0, 0, 1, 3, 0, 4, 3, 1, 4, 3, 4, 4, 3, 0, 2, 1, 4, 3, 2, 2, 0, 1, 3, 3, 0, 3, 4, 1, 0, 4, 3, 3, 0, 0, 0, 2, 4, 4, 3, 4, 4, 2, 3, 3, 1, 4, 2, 2, 3, 3, 3, 2, 4, 3, 3, 3, 0, 3, 4, 0, 3, 2, 0, 2, 3, 2, 1, 0, 2, 3, 3, 3, 1, 0, 3, 1, 4, 3, 2, 4, 0, 1, 4, 2, 4, 0, 3, 1, 1, 1, 0]
[1, 4, 4, 4, 4, 1, 1, 1, 2, 2, 1, 4, 3, 2, 4, 4, 1, 1, 3, 1, 1, 3, 2, 2, 2, 1, 2, 1, 4, 1, 1, 3, 1, 4, 4, 1, 2, 1, 4, 4, 3, 3, 1, 2, 3, 4, 3, 4, 0, 4, 4, 1, 0, 1, 4, 1, 1, 4, 4, 4, 1, 1, 1, 4, 1, 3, 4, 4, 3, 1, 2, 4, 4, 3, 2, 0, 1, 4, 0, 4, 4, 1, 4, 1, 3, 1, 1, 1, 1, 1, 4, 1, 1, 4, 4, 2, 4, 2, 4, 3, 1, 0, 3, 4, 1, 0, 4, 4, 4, 4, 4, 1, 0, 4, 4, 3, 4, 3, 4, 1, 1, 2, 4, 3, 4, 4, 1, 1, 4, 3, 3, 4, 3, 2, 1, 0, 4, 2, 4, 1, 4, 1, 2, 1, 1, 4, 4, 1, 0, 4, 4, 4, 1, 1, 0, 4, 1, 1, 4, 4, 4, 1, 4, 1, 1, 3, 4, 4, 4, 4, 0, 4, 1, 1, 3, 4, 4, 4, 4, 1, 1, 1, 4, 3, 1, 1, 1, 4, 4, 1, 2, 1, 3, 4, 1, 3, 1, 2, 1, 3, 1, 0, 2, 4, 4, 0, 3, 1, 0, 4, 3, 0, 3, 1, 1, 4, 4, 4, 1, 1, 1, 1, 2, 2, 4, 1, 2, 4, 1, 1, 4, 2, 0, 0, 4, 4, 4, 4, 2, 1, 3, 1, 1, 3, 3, 0, 4, 1, 0, 4, 3, 4, 4, 4, 0, 2, 2, 1, 4, 4, 4, 4, 4, 4, 1, 0, 4, 1, 3, 0, 1, 4, 3, 4, 4, 4, 3, 1, 4, 1, 1, 3, 4, 1, 1, 1, 1, 1, 1, 1, 1, 3, 3, 3, 1, 1, 4, 1, 1, 1, 3, 3, 3, 4, 1, 3, 1, 4, 1, 0, 1, 3, 1, 1, 3, 4, 1, 4, 1, 4, 4, 3, 1, 4, 1, 1, 4, 4, 4, 4, 1, 3, 4, 3, 4, 4, 1, 3, 4, 4, 1, 1, 1, 0, 3, 3, 1, 1, 3, 4, 1, 4, 1, 1, 4, 2, 4, 4, 1, 0, 4, 1, 1, 1, 3, 4, 1, 4, 2, 1, 0, 1, 1, 4, 1, 4, 3, 4, 2, 4, 1, 4, 4, 4, 4, 0, 0, 4, 4, 4, 4, 1, 2, 4, 4, 1, 4, 0, 2, 2, 1, 4, 3, 1, 1, 1, 0, 1, 4, 1, 4, 1, 4, 1, 1, 1, 3, 4, 2, 1, 1, 4, 1, 4, 4, 1, 4, 1, 4, 3, 4, 1, 1, 4, 2, 0, 1, 1, 4, 4, 1, 2, 1, 1, 4, 4, 0, 0, 3, 1, 4, 1, 4, 2, 3, 4, 4, 4, 4, 1, 4, 4, 3, 0, 1, 2, 1, 2, 1, 3, 2, 1, 0, 1, 3, 1, 3, 1, 4, 3, 4, 4, 1, 2, 3, 3, 0, 1, 1, 3, 1, 4, 1, 4, 4, 4, 3, 2, 1, 3, 1, 4, 1, 1, 1, 4, 4, 1, 0, 1, 4, 1, 3, 1, 4, 1, 1, 1, 1, 4, 3, 4, 3, 2, 1, 1, 4, 1, 4, 1, 1, 3, 1, 4, 1, 4, 3, 1, 4, 4, 1, 4, 4, 1, 1, 3, 4, 4, 4, 4, 4, 3, 4, 1, 4, 4, 1, 4, 1, 0, 1, 2, 4, 1, 0, 1, 3, 4, 3, 4, 4, 4, 0, 4, 1, 4, 1, 4, 4, 1, 1, 3, 4, 1, 4, 0, 4, 1, 4, 2, 3, 4, 1, 4, 3, 3, 1, 2, 4, 1, 0, 1, 1, 4, 1, 4, 3, 4, 1, 3, 4, 2, 1, 4, 1, 1, 4, 3, 1, 4, 1, 0, 4, 1, 1, 1, 3, 3, 1, 4, 4, 4, 3, 4, 1, 2, 4, 3, 3, 4, 3, 4, 3, 1, 1, 4, 4, 3, 4, 1, 0, 1, 4, 1, 1, 0, 1, 4, 4, 4, 4, 0, 1, 4, 1, 1, 1, 1, 4, 3, 1, 4, 3, 4, 0, 1, 1, 1, 1, 1, 3, 1, 0, 4, 1, 4, 1, 4, 4, 1, 3, 1, 3, 4, 4, 3, 3, 2, 4, 4, 4, 4, 1, 1, 4, 1, 0, 3, 3, 1, 4, 4, 3, 4, 0, 1, 3, 1, 1, 1, 2, 1, 1, 3, 4, 4, 3, 1, 1, 4, 3, 1, 4, 4, 4, 4, 1, 0, 1, 1, 4, 1, 1, 0, 1, 1, 1, 4, 3, 2, 4, 4, 1, 0, 4, 0, 4, 0, 3, 4, 4, 0, 0, 4, 1, 1, 1, 3, 4, 1, 1, 1, 4, 2, 4, 3, 4, 1, 1, 1, 2, 1, 3, 4, 3, 3, 1, 4, 1, 3, 3, 1, 4, 3, 3, 4, 4, 4, 0, 4, 4, 4, 4, 3, 1, 1, 1, 4, 1, 4, 3, 4, 4, 4, 4, 3, 2, 4, 3, 1, 4, 0, 4, 1, 4, 1, 1, 1, 4, 1, 4, 1, 0, 1, 1, 1, 4, 4, 1, 1, 2, 2, 1, 0, 3, 4, 4, 1, 1, 4, 0, 4, 2, 4, 4, 2, 4, 1, 3, 4, 1, 1, 1, 4, 2, 4, 1, 4, 4, 4, 4, 0, 4, 3, 2, 3, 4, 2, 4, 1, 1, 4, 4, 3, 1, 4, 3, 1, 3, 1, 1, 1, 4, 4, 0, 4, 3, 1, 4, 4, 4, 1, 1, 4, 0, 0, 4, 4, 1, 0, 0, 1, 3, 4, 0, 3, 1, 1, 4, 1, 4, 0, 3, 4, 4, 4, 1, 2, 4, 1, 1, 1, 1, 3, 3, 4, 1, 4, 3, 1, 3, 4, 1, 1, 3, 1, 1, 1, 1, 2, 4, 1, 1, 3, 4, 4, 3, 1, 1, 0, 0, 3, 4, 4, 4, 4, 4, 1, 3, 1, 1, 3, 1, 0, 4, 3, 4, 1, 1, 4, 1, 1, 4, 4, 1, 3, 3, 1, 0, 0, 1, 4, 4, 3, 4, 1, 1, 3, 1, 4, 1, 3, 1, 4, 4, 4, 2, 1, 4, 4, 2, 1, 1, 4, 3, 1, 1, 1, 4, 4, 1, 3, 4, 1, 0, 4, 4, 0, 1, 4, 4, 4, 3, 4, 3, 1, 0, 4, 0, 1, 4, 1, 4, 4, 4, 4, 4, 1, 1, 1, 4, 4, 4, 1, 4, 3, 1, 4, 3, 1, 4, 4, 1, 4, 1, 2, 1, 4, 4, 4, 1, 1, 2, 2, 4, 1, 1, 1, 1, 3, 3, 0, 1, 1, 4, 3, 4, 3, 4, 2, 4, 3, 1, 0, 4, 1, 4, 4, 1, 3, 4, 1, 1, 4, 4, 1, 2, 1, 3, 2, 4, 4, 4, 4, 2, 4, 2, 4, 1, 1, 4, 1, 1, 4, 4, 1, 4, 1, 0, 0, 1, 1, 4, 1, 1, 4, 1, 1, 1, 1, 4, 3, 4, 4, 1, 0, 4, 1, 2, 1, 4, 4, 0, 2, 1, 2, 0, 4, 4, 2, 1, 1, 3, 4, 4, 1, 4, 1, 4, 1, 1, 1, 3, 4, 0, 4, 4, 1, 1, 3, 1, 3, 4, 1, 4, 1, 1, 3, 4, 0, 1, 1, 2, 4, 1, 4, 3, 1, 1, 1, 4, 2, 1, 1, 3, 4, 1, 1, 0, 4, 3, 1, 4, 3, 1, 1, 4, 1, 3, 1, 1, 1, 1, 3, 4, 1, 1, 1, 1, 1, 4, 2, 4, 3, 3, 3, 4, 3, 1, 1, 1, 0, 1, 4, 1, 2, 3, 1, 4, 0, 4, 1, 3, 1, 3, 1, 3, 4, 3, 0, 4, 3, 4, 1, 1, 1, 1, 4, 1, 3, 4, 4, 4, 1, 4, 0, 1, 3, 3, 4, 4, 1, 0, 1, 3, 1, 1, 1, 3, 3, 1, 1, 4, 1, 2, 1, 1, 1, 3, 4, 3, 3, 2, 4, 4, 1, 1, 3, 2, 4, 2, 2, 1, 4, 1, 4, 1, 4, 3, 4, 3, 3, 3, 4, 4, 1, 1, 4, 3, 3, 1, 1, 1, 0, 1, 3, 1, 3, 3, 3, 4, 0, 1, 1, 1, 1, 3, 4, 4, 4, 1, 3, 2, 3, 3, 4, 4, 3, 4, 1, 4, 4, 0, 1, 3, 4, 1, 4, 4, 3, 4, 1, 2, 4, 1, 1, 3, 3, 3, 4, 4, 4, 1, 4, 4, 4, 2, 1, 1, 4, 4, 1, 1, 1, 4, 1, 4, 1, 4, 4, 1, 4, 1, 4, 1, 4, 3, 4, 1, 4, 1, 4, 4, 1, 1, 1, 2, 1, 1, 1, 1, 2, 4, 4, 4, 1, 3, 1, 1, 1, 3, 2, 4, 4, 1, 1, 4, 4, 4, 2, 1, 0, 3, 1, 1, 3, 3, 1, 1, 4, 3, 0, 4, 1, 1, 4, 1, 1, 2, 4, 1, 4, 1, 1, 1, 1, 4, 4, 1, 1, 4, 4, 0, 1, 4, 4, 4, 1, 4, 2, 4, 4, 1, 4, 1, 2, 3, 1, 4, 3, 0, 4, 1, 1, 4, 4, 4, 4, 3, 3, 4, 1, 4, 3, 4, 4, 1, 1, 3, 1, 1, 1, 4, 0, 4, 3, 1, 4, 3, 4, 4, 3, 0, 3, 1, 4, 3, 2, 4, 0, 1, 4, 4, 1, 3, 4, 1, 1, 4, 4, 3, 0, 0, 1, 2, 4, 4, 2, 4, 4, 0, 4, 3, 1, 4, 1, 3, 3, 3, 3, 3, 1, 3, 4, 2, 1, 4, 4, 0, 3, 0, 1, 2, 4, 2, 1, 1, 4, 3, 3, 3, 1, 0, 3, 1, 1, 2, 2, 4, 0, 1, 4, 4, 4, 0, 4, 1, 1, 1, 1]
[[103 212   0   0   9]
 [  0 302   0   0   0]
 [  8  25  70  60 158]
 [  0   7  30 185 103]
 [  1  28   4   2 293]]
[1, 3, 3, 4, 0, 1, 3, 0, 2, 3, 1, 0, 0, 2, 0, 2, 3, 2, 1, 0, 4, 2, 2, 1, 0, 3, 2, 2, 3, 1, 1, 4, 1, 1, 2, 1, 2, 4, 4, 2, 3, 4, 4, 1, 4, 4, 3, 2, 0, 2, 4, 2, 3, 3, 3, 1, 3, 2, 0, 4, 2, 4, 1, 2, 4, 0, 1, 1, 2, 1, 1, 4, 1, 2, 3, 1, 3, 4, 0, 2, 3, 0, 0, 1, 2, 1, 4, 4, 4, 4, 1, 0, 0, 1, 4, 2, 4, 1, 0, 2, 4, 2, 0, 4, 4, 4, 3, 4, 1, 0, 0, 4, 2, 3, 4, 3, 4, 0, 0, 0, 1, 2, 1, 1, 4, 1, 3, 3, 0, 0, 4, 3, 3, 3, 4, 4, 1, 4, 3, 0, 0, 3, 2, 0, 1, 2, 4, 3, 2, 0, 3, 2, 0, 2, 0, 0, 3, 1, 3, 1, 3, 3, 4, 2, 3, 3, 4, 4, 0, 4, 1, 2, 1, 1, 0, 0, 4, 2, 3, 1, 4, 0, 4, 4, 3, 4, 2, 2, 0, 4, 4, 4, 2, 2, 2, 4, 1, 3, 4, 0, 3, 3, 4, 1, 3, 4, 1, 1, 4, 1, 4, 2, 1, 3, 4, 1, 3, 1, 1, 0, 0, 3, 4, 1, 0, 1, 1, 1, 3, 1, 4, 3, 0, 1, 4, 2, 4, 3, 1, 3, 4, 1, 4, 1, 4, 2, 3, 3, 0, 3, 3, 0, 1, 4, 4, 2, 4, 0, 4, 3, 1, 0, 2, 1, 4, 0, 4, 4, 3, 3, 1, 4, 2, 4, 4, 3, 0, 1, 0, 3, 2, 2, 0, 1, 1, 2, 2, 0, 0, 0, 1, 1, 3, 3, 0, 0, 4, 2, 0, 2, 1, 3, 1, 2, 2, 1, 3, 1, 3, 0, 3, 4, 2, 3, 4, 3, 3, 4, 2, 3, 4, 2, 1, 3, 1, 1, 4, 2, 0, 2, 0, 0, 3, 3, 3, 4, 1, 2, 2, 4, 0, 0, 0, 4, 4, 0, 0, 0, 1, 3, 4, 1, 1, 0, 1, 2, 4, 1, 1, 0, 1, 3, 3, 0, 2, 0, 3, 4, 3, 3, 3, 0, 1, 0, 3, 2, 3, 3, 1, 4, 4, 0, 0, 4, 3, 1, 2, 4, 1, 0, 2, 1, 4, 2, 1, 0, 0, 3, 3, 0, 4, 2, 2, 4, 0, 1, 0, 2, 1, 2, 1, 2, 3, 1, 3, 4, 2, 4, 4, 1, 4, 0, 0, 0, 0, 2, 2, 3, 1, 1, 2, 3, 4, 0, 4, 3, 0, 3, 0, 0, 2, 1, 4, 4, 0, 1, 4, 0, 1, 0, 1, 3, 3, 1, 3, 3, 3, 2, 3, 0, 3, 4, 2, 0, 3, 2, 0, 3, 0, 2, 1, 3, 2, 1, 4, 3, 0, 2, 1, 2, 2, 3, 1, 1, 2, 1, 4, 3, 0, 3, 3, 2, 1, 2, 4, 1, 4, 0, 3, 4, 0, 4, 3, 0, 1, 1, 1, 1, 1, 4, 0, 1, 0, 1, 4, 1, 4, 1, 1, 2, 3, 3, 3, 4, 0, 0, 2, 1, 0, 4, 4, 3, 1, 4, 3, 0, 4, 3, 0, 3, 0, 2, 2, 2, 3, 2, 1, 2, 0, 0, 4, 2, 0, 3, 4, 0, 4, 3, 1, 0, 3, 2, 2, 2, 2, 1, 1, 2, 4, 1, 1, 0, 0, 3, 0, 3, 0, 3, 1, 2, 4, 3, 4, 3, 3, 2, 4, 3, 2, 3, 0, 2, 3, 0, 0, 4, 1, 3, 3, 1, 3, 2, 4, 2, 0, 1, 1, 3, 0, 1, 0, 2, 0, 4, 4, 0, 3, 1, 2, 0, 1, 2, 2, 2, 3, 1, 2, 2, 3, 0, 2, 4, 4, 3, 3, 1, 4, 0, 3, 3, 3, 4, 2, 0, 3, 3, 2, 2, 4, 1, 2, 3, 1, 0, 1, 1, 2, 3, 3, 0, 1, 1, 2, 1, 4, 0, 0, 0, 0, 3, 0, 4, 2, 2, 3, 2, 2, 1, 4, 0, 1, 0, 0, 0, 4, 1, 4, 2, 0, 4, 4, 3, 3, 1, 4, 1, 0, 1, 4, 3, 2, 2, 4, 1, 4, 4, 4, 1, 2, 3, 3, 2, 0, 2, 4, 3, 1, 3, 0, 0, 1, 2, 3, 1, 4, 0, 0, 1, 2, 0, 2, 0, 4, 0, 3, 4, 3, 3, 2, 4, 2, 4, 0, 3, 2, 3, 4, 4, 4, 0, 0, 1, 2, 1, 1, 0, 1, 4, 1, 1, 3, 4, 0, 2, 2, 0, 0, 1, 3, 3, 4, 4, 1, 0, 4, 1, 3, 3, 3, 1, 3, 1, 4, 3, 0, 4, 2, 4, 2, 3, 2, 3, 3, 4, 0, 2, 1, 4, 2, 0, 2, 1, 1, 1, 1, 3, 1, 0, 2, 4, 3, 0, 2, 2, 3, 4, 3, 4, 2, 3, 4, 2, 4, 0, 4, 4, 1, 2, 2, 0, 3, 0, 3, 2, 4, 3, 3, 1, 0, 0, 3, 2, 0, 4, 2, 3, 0, 1, 0, 4, 0, 1, 0, 0, 1, 3, 4, 4, 2, 3, 2, 2, 0, 2, 4, 2, 4, 4, 4, 1, 3, 3, 3, 4, 3, 3, 2, 0, 4, 2, 4, 4, 1, 1, 1, 4, 0, 1, 1, 0, 2, 2, 3, 1, 2, 1, 0, 4, 2, 4, 2, 1, 1, 3, 4, 1, 0, 3, 0, 1, 4, 4, 4, 0, 2, 0, 2, 0, 2, 2, 0, 3, 2, 0, 2, 0, 2, 0, 1, 3, 3, 2, 4, 4, 0, 4, 4, 4, 0, 2, 0, 4, 0, 4, 1, 0, 4, 0, 1, 0, 2, 3, 0, 4, 1, 3, 3, 0, 4, 4, 2, 4, 4, 2, 1, 4, 2, 3, 0, 3, 1, 0, 4, 1, 1, 2, 1, 1, 0, 0, 3, 4, 2, 1, 3, 2, 1, 1, 1, 1, 4, 0, 4, 3, 2, 3, 3, 1, 4, 4, 3, 0, 2, 1, 2, 3, 0, 1, 3, 4, 4, 3, 2, 0, 2, 2, 3, 4, 1, 4, 3, 3, 0, 1, 1, 3, 4, 1, 3, 2, 2, 1, 0, 3, 3, 4, 1, 2, 0, 2, 3, 4, 2, 2, 3, 1, 2, 2, 0, 3, 2, 3, 4, 3, 2, 4, 2, 3, 4, 0, 4, 4, 3, 2, 0, 0, 4, 2, 4, 3, 1, 2, 3, 2, 1, 0, 4, 4, 3, 1, 4, 1, 3, 2, 4, 2, 3, 1, 0, 3, 4, 4, 3, 1, 4, 1, 1, 2, 1, 2, 1, 1, 4, 2, 1, 2, 0, 3, 0, 3, 0, 4, 0, 2, 4, 0, 4, 3, 4, 4, 2, 3, 1, 0, 1, 1, 1, 3, 1, 2, 2, 3, 2, 0, 1, 3, 2, 0, 3, 0, 4, 0, 1, 2, 4, 4, 0, 2, 0, 0, 3, 0, 4, 4, 3, 2, 0, 0, 1, 1, 1, 1, 3, 0, 4, 4, 4, 0, 2, 3, 1, 2, 3, 0, 0, 4, 0, 1, 1, 2, 3, 1, 1, 3, 2, 2, 0, 1, 0, 1, 0, 2, 4, 0, 3, 4, 0, 2, 2, 3, 1, 1, 0, 0, 1, 4, 4, 3, 0, 3, 4, 0, 0, 0, 0, 1, 1, 2, 4, 4, 3, 2, 3, 4, 2, 2, 3, 0, 1, 4, 2, 0, 2, 2, 2, 1, 1, 1, 0, 3, 0, 4, 0, 0, 2, 0, 2, 1, 4, 2, 2, 1, 0, 2, 2, 2, 1, 0, 0, 2, 3, 1, 2, 1, 4, 2, 0, 3, 1, 1, 0, 3, 1, 0, 2, 0, 4, 4, 0, 2, 4, 0, 0, 3, 0, 0, 3, 4, 4, 4, 3, 0, 1, 2, 3, 3, 2, 4, 3, 1, 4, 4, 1, 3, 2, 0, 1, 1, 3, 3, 3, 1, 1, 2, 3, 4, 0, 0, 1, 4, 1, 3, 1, 2, 2, 3, 4, 3, 4, 2, 4, 2, 3, 4, 0, 4, 0, 2, 2, 4, 2, 2, 0, 1, 2, 4, 4, 0, 1, 4, 4, 2, 0, 0, 4, 0, 1, 0, 0, 0, 0, 0, 3, 4, 2, 2, 1, 4, 1, 1, 2, 1, 4, 3, 0, 4, 2, 1, 3, 2, 0, 2, 3, 0, 0, 0, 0, 4, 0, 0, 4, 0, 4, 4, 4, 3, 4, 3, 3, 2, 4, 2, 3, 2, 1, 0, 3, 4, 1, 4, 4, 3, 0, 3, 2, 3, 4, 3, 0, 1, 1, 4, 4, 1, 1, 0, 1, 0, 4, 3, 0, 2, 0, 3, 1, 0, 3, 0, 2, 3, 3, 2, 0, 0, 3, 2, 1, 3, 0, 3, 3, 1, 3, 1, 4, 3, 1, 3, 1, 4, 3, 1, 1, 1, 3, 4, 2, 3, 1, 0, 4, 2, 1, 1, 3, 0, 4, 2, 4, 1, 1, 1, 0, 4, 2, 2, 1, 2, 4, 1, 3, 1, 3, 0, 1, 4, 4, 2, 0, 0, 1, 1, 3, 4, 3, 0, 4, 0, 0, 0, 4, 1, 3, 0, 1, 1, 1, 2, 2, 4, 0, 3, 1, 2, 3, 3, 1, 4, 4, 3, 4, 1, 2, 3, 2, 3, 1, 4, 1, 3, 0, 0, 3, 4, 4, 1, 1, 1, 4, 2, 4, 3, 0, 0, 1, 1, 3, 4, 2, 3, 2, 2, 2, 3, 2, 1, 3, 3, 0, 2, 1, 4, 3, 0, 0, 2, 3, 4, 2, 2, 0, 0, 0, 0, 2, 3, 3, 3, 2, 2, 4, 1, 1, 3, 3, 4, 1, 4, 4, 3]
[1, 3, 3, 4, 0, 1, 2, 0, 2, 2, 1, 0, 1, 4, 0, 2, 2, 4, 1, 1, 4, 3, 2, 1, 0, 4, 4, 2, 2, 1, 1, 4, 1, 1, 2, 1, 2, 4, 2, 1, 3, 2, 4, 1, 4, 4, 2, 4, 1, 4, 4, 2, 3, 2, 4, 1, 2, 0, 0, 2, 2, 4, 1, 2, 4, 1, 1, 1, 2, 1, 1, 4, 1, 2, 4, 1, 4, 4, 0, 3, 2, 0, 1, 1, 2, 1, 4, 4, 2, 4, 1, 1, 1, 1, 4, 2, 0, 1, 1, 4, 1, 3, 0, 4, 2, 0, 3, 2, 1, 0, 0, 2, 2, 3, 0, 3, 4, 1, 1, 0, 1, 4, 1, 1, 2, 1, 3, 3, 0, 0, 1, 2, 3, 3, 4, 4, 1, 2, 3, 0, 0, 2, 3, 0, 1, 4, 4, 2, 1, 0, 4, 0, 0, 2, 0, 0, 3, 1, 2, 1, 4, 2, 4, 2, 2, 2, 2, 4, 0, 4, 1, 2, 1, 1, 1, 0, 4, 2, 2, 1, 4, 0, 4, 4, 3, 4, 3, 2, 1, 4, 4, 1, 4, 2, 2, 4, 1, 4, 2, 1, 2, 4, 2, 1, 4, 2, 1, 1, 2, 1, 4, 2, 1, 4, 4, 1, 2, 1, 1, 1, 0, 2, 4, 1, 0, 1, 1, 1, 2, 1, 4, 3, 1, 1, 3, 4, 4, 4, 1, 3, 2, 1, 4, 1, 4, 4, 3, 3, 0, 2, 4, 1, 1, 2, 4, 2, 4, 0, 2, 4, 1, 0, 2, 1, 4, 0, 2, 4, 2, 2, 1, 4, 3, 2, 4, 3, 0, 1, 0, 3, 2, 3, 1, 1, 1, 2, 2, 0, 0, 0, 1, 1, 4, 3, 0, 1, 4, 2, 0, 4, 1, 3, 1, 2, 2, 1, 3, 1, 2, 1, 3, 4, 3, 2, 4, 3, 2, 4, 2, 3, 2, 4, 1, 3, 1, 1, 4, 2, 0, 2, 0, 0, 4, 3, 2, 4, 1, 2, 3, 4, 0, 0, 1, 4, 4, 0, 0, 0, 1, 4, 4, 1, 1, 1, 1, 2, 4, 1, 1, 0, 1, 3, 3, 0, 3, 0, 2, 4, 3, 3, 2, 0, 1, 1, 3, 4, 4, 3, 1, 1, 4, 1, 0, 4, 2, 1, 2, 4, 1, 0, 2, 1, 4, 2, 1, 0, 0, 2, 3, 1, 4, 3, 2, 4, 1, 1, 0, 2, 1, 2, 1, 2, 3, 1, 4, 4, 2, 2, 4, 1, 4, 0, 0, 0, 0, 2, 2, 3, 1, 1, 2, 3, 4, 0, 0, 3, 1, 3, 0, 1, 4, 1, 4, 4, 0, 1, 4, 1, 1, 0, 1, 3, 3, 1, 3, 4, 4, 4, 3, 0, 4, 2, 2, 1, 2, 2, 0, 2, 1, 2, 1, 4, 2, 1, 4, 3, 1, 4, 1, 2, 2, 3, 1, 1, 2, 1, 4, 3, 1, 4, 4, 3, 1, 2, 4, 1, 2, 1, 4, 4, 1, 4, 4, 0, 1, 1, 1, 1, 1, 3, 0, 1, 0, 1, 1, 1, 4, 1, 1, 3, 3, 4, 3, 2, 1, 0, 2, 1, 1, 4, 4, 3, 1, 4, 3, 0, 4, 4, 1, 4, 1, 2, 2, 2, 3, 3, 1, 2, 0, 0, 2, 2, 0, 2, 4, 1, 4, 4, 1, 1, 2, 4, 2, 2, 4, 1, 1, 2, 2, 1, 1, 0, 0, 3, 1, 4, 1, 3, 1, 2, 3, 3, 4, 3, 4, 2, 4, 2, 2, 2, 0, 2, 4, 0, 1, 0, 1, 3, 3, 1, 3, 4, 1, 2, 0, 1, 1, 3, 1, 1, 0, 2, 0, 2, 4, 0, 3, 1, 2, 0, 1, 2, 2, 2, 4, 1, 2, 3, 2, 0, 2, 1, 2, 2, 2, 1, 4, 0, 3, 3, 3, 4, 2, 0, 2, 3, 2, 4, 4, 1, 2, 3, 1, 0, 1, 1, 2, 4, 4, 0, 1, 1, 4, 1, 4, 1, 1, 0, 1, 3, 1, 4, 2, 2, 3, 2, 3, 1, 4, 0, 1, 0, 1, 1, 0, 1, 3, 2, 0, 1, 4, 4, 3, 1, 2, 1, 0, 1, 4, 2, 4, 4, 4, 1, 4, 2, 1, 1, 2, 2, 3, 1, 4, 4, 4, 3, 1, 2, 0, 0, 1, 4, 4, 1, 3, 1, 0, 1, 2, 0, 2, 0, 4, 1, 2, 2, 1, 2, 2, 4, 2, 4, 0, 2, 2, 3, 2, 4, 4, 0, 1, 1, 3, 1, 1, 1, 1, 1, 1, 1, 1, 2, 0, 2, 2, 0, 1, 1, 2, 2, 4, 4, 1, 1, 1, 1, 3, 3, 3, 1, 3, 1, 4, 4, 1, 4, 2, 2, 2, 3, 4, 3, 2, 4, 4, 4, 1, 4, 2, 0, 2, 1, 1, 1, 1, 4, 1, 0, 2, 4, 2, 1, 2, 2, 3, 0, 4, 2, 2, 2, 4, 4, 4, 1, 4, 4, 1, 4, 4, 0, 3, 0, 4, 2, 2, 3, 4, 1, 1, 1, 2, 2, 0, 4, 4, 4, 0, 1, 0, 4, 0, 1, 1, 1, 1, 4, 2, 2, 2, 3, 4, 2, 0, 2, 2, 2, 4, 4, 1, 1, 3, 4, 3, 4, 3, 4, 2, 0, 2, 2, 4, 4, 1, 1, 1, 4, 1, 1, 1, 0, 2, 2, 3, 1, 2, 1, 0, 2, 2, 4, 2, 1, 1, 3, 4, 1, 0, 3, 1, 1, 4, 4, 4, 1, 2, 0, 2, 0, 2, 0, 0, 2, 2, 0, 2, 1, 2, 1, 1, 3, 4, 2, 2, 4, 0, 4, 4, 4, 0, 2, 0, 4, 1, 4, 1, 0, 4, 0, 1, 0, 2, 3, 0, 3, 1, 4, 2, 1, 4, 2, 4, 4, 4, 4, 1, 4, 0, 3, 0, 3, 1, 0, 4, 1, 1, 2, 1, 1, 0, 1, 3, 1, 4, 1, 4, 2, 1, 1, 1, 1, 1, 0, 4, 0, 4, 3, 2, 1, 4, 4, 4, 0, 3, 1, 4, 3, 0, 1, 2, 4, 4, 2, 4, 1, 2, 2, 4, 4, 1, 4, 3, 3, 0, 1, 1, 4, 4, 1, 3, 4, 3, 1, 0, 2, 2, 2, 1, 0, 0, 2, 3, 4, 4, 2, 3, 1, 4, 2, 1, 3, 2, 4, 1, 4, 3, 2, 2, 3, 4, 0, 4, 1, 4, 2, 1, 1, 4, 2, 4, 3, 1, 2, 3, 2, 1, 1, 4, 4, 2, 1, 4, 1, 3, 4, 4, 2, 2, 1, 0, 2, 2, 3, 0, 1, 0, 1, 1, 2, 1, 2, 1, 1, 4, 4, 1, 3, 1, 0, 0, 3, 1, 4, 0, 4, 4, 0, 4, 3, 4, 4, 4, 2, 1, 0, 1, 1, 1, 3, 1, 4, 2, 3, 4, 0, 1, 4, 2, 1, 4, 1, 4, 1, 1, 2, 4, 4, 0, 4, 1, 1, 2, 0, 2, 4, 4, 4, 0, 1, 1, 1, 1, 1, 4, 1, 0, 2, 3, 1, 2, 2, 1, 2, 3, 1, 1, 4, 0, 1, 1, 2, 3, 1, 1, 3, 4, 3, 1, 1, 1, 1, 1, 4, 4, 0, 2, 3, 1, 0, 2, 3, 1, 1, 1, 1, 1, 4, 3, 2, 0, 2, 4, 0, 1, 0, 0, 1, 1, 2, 4, 4, 3, 2, 3, 4, 2, 2, 4, 0, 1, 4, 2, 1, 4, 2, 2, 1, 1, 1, 0, 3, 1, 4, 0, 1, 2, 1, 1, 1, 4, 2, 4, 1, 0, 2, 2, 1, 1, 1, 0, 2, 3, 1, 2, 1, 2, 2, 1, 2, 1, 1, 1, 3, 1, 0, 2, 0, 4, 1, 0, 2, 2, 0, 0, 4, 0, 0, 3, 2, 4, 4, 3, 1, 1, 2, 3, 3, 3, 1, 3, 1, 4, 4, 1, 2, 2, 1, 1, 1, 3, 2, 3, 1, 1, 4, 4, 4, 0, 0, 1, 0, 1, 3, 1, 2, 4, 3, 4, 2, 3, 2, 2, 4, 3, 4, 0, 2, 0, 2, 2, 4, 2, 2, 0, 1, 2, 1, 1, 1, 1, 2, 4, 3, 0, 0, 4, 1, 1, 0, 0, 1, 0, 0, 4, 2, 4, 2, 1, 1, 1, 1, 4, 1, 4, 3, 1, 2, 2, 1, 4, 2, 1, 4, 2, 1, 0, 0, 0, 2, 0, 0, 4, 1, 2, 4, 2, 3, 4, 3, 3, 2, 2, 4, 3, 1, 1, 0, 4, 2, 1, 4, 4, 4, 0, 2, 2, 4, 4, 4, 0, 1, 1, 1, 2, 1, 1, 0, 1, 1, 2, 4, 1, 2, 0, 4, 1, 0, 4, 0, 0, 3, 4, 4, 0, 0, 2, 1, 1, 4, 1, 4, 3, 1, 4, 1, 4, 2, 1, 3, 1, 4, 3, 1, 1, 1, 2, 4, 2, 2, 1, 0, 4, 2, 1, 1, 3, 0, 1, 2, 2, 1, 1, 1, 0, 4, 2, 2, 1, 2, 4, 1, 4, 1, 3, 1, 1, 2, 4, 4, 1, 0, 1, 1, 2, 4, 3, 1, 4, 0, 1, 0, 4, 1, 3, 1, 1, 1, 1, 4, 2, 2, 1, 2, 1, 2, 2, 2, 1, 2, 4, 2, 3, 1, 2, 3, 2, 2, 1, 1, 1, 3, 0, 0, 2, 1, 4, 1, 1, 1, 4, 4, 2, 3, 0, 0, 1, 1, 2, 1, 2, 3, 2, 2, 2, 4, 2, 1, 2, 3, 4, 3, 1, 2, 4, 0, 0, 4, 3, 2, 2, 2, 0, 0, 0, 0, 2, 2, 3, 2, 3, 2, 2, 1, 1, 2, 4, 4, 1, 2, 1, 3]
[[202 120   0   0   3]
 [  0 323   0   0   0]
 [  7   7 194  26  66]
 [  3   2  91 149  80]
 [ 10  27  72  12 206]]
[1, 4, 2, 3, 2, 2, 3, 4, 0, 2, 2, 4, 4, 0, 1, 4, 2, 2, 3, 4, 3, 3, 1, 4, 2, 3, 2, 2, 4, 3, 2, 2, 0, 1, 0, 4, 2, 3, 2, 1, 3, 4, 3, 3, 3, 1, 4, 2, 1, 2, 2, 2, 4, 1, 4, 4, 3, 2, 1, 2, 2, 4, 3, 2, 2, 1, 1, 0, 3, 3, 2, 2, 3, 1, 1, 2, 3, 3, 2, 0, 2, 3, 1, 3, 2, 4, 0, 0, 1, 2, 1, 1, 0, 3, 4, 4, 0, 4, 1, 2, 3, 3, 2, 4, 0, 0, 3, 2, 3, 1, 0, 0, 3, 4, 0, 2, 2, 2, 2, 0, 4, 4, 3, 0, 2, 0, 3, 1, 4, 2, 1, 2, 4, 0, 3, 3, 3, 0, 3, 2, 2, 1, 0, 3, 4, 1, 3, 4, 4, 1, 4, 2, 3, 1, 4, 1, 0, 1, 4, 3, 2, 2, 2, 4, 2, 0, 3, 0, 3, 3, 0, 4, 0, 4, 3, 4, 1, 1, 2, 1, 2, 4, 3, 0, 3, 3, 0, 2, 2, 2, 0, 1, 3, 0, 3, 2, 2, 4, 1, 1, 3, 4, 0, 0, 2, 4, 2, 2, 3, 3, 4, 2, 3, 0, 4, 1, 1, 3, 1, 4, 0, 2, 2, 1, 2, 1, 2, 4, 2, 1, 3, 4, 3, 1, 2, 2, 2, 2, 4, 2, 2, 3, 2, 1, 2, 1, 2, 1, 3, 1, 1, 1, 3, 4, 3, 4, 2, 2, 0, 2, 2, 4, 1, 2, 1, 2, 1, 4, 2, 2, 2, 1, 1, 4, 0, 2, 3, 2, 4, 0, 0, 4, 1, 4, 2, 4, 4, 0, 3, 1, 1, 4, 2, 2, 2, 0, 2, 4, 3, 0, 0, 2, 2, 3, 4, 0, 2, 4, 3, 3, 4, 4, 1, 2, 1, 3, 3, 0, 4, 3, 3, 3, 2, 0, 4, 4, 2, 2, 1, 3, 3, 1, 4, 3, 0, 4, 3, 3, 4, 2, 2, 4, 3, 4, 2, 2, 3, 2, 2, 0, 1, 4, 3, 3, 1, 1, 4, 4, 3, 3, 4, 4, 2, 4, 1, 0, 1, 0, 3, 1, 0, 4, 0, 4, 4, 1, 2, 0, 4, 1, 1, 4, 3, 1, 1, 2, 1, 0, 4, 3, 3, 1, 1, 3, 4, 2, 2, 3, 3, 3, 3, 4, 2, 0, 4, 1, 2, 1, 4, 4, 1, 2, 2, 0, 3, 4, 3, 3, 2, 3, 3, 3, 3, 3, 4, 3, 4, 1, 0, 1, 2, 1, 3, 1, 3, 1, 3, 1, 2, 2, 4, 2, 2, 0, 4, 2, 3, 4, 1, 1, 0, 2, 1, 0, 2, 2, 4, 0, 4, 3, 4, 4, 1, 2, 4, 3, 2, 3, 0, 3, 0, 4, 3, 3, 4, 2, 4, 2, 1, 4, 0, 4, 1, 2, 3, 1, 4, 2, 2, 2, 4, 3, 4, 1, 4, 2, 4, 1, 3, 3, 3, 3, 0, 1, 3, 2, 2, 2, 1, 4, 0, 3, 2, 0, 4, 0, 3, 0, 3, 2, 3, 3, 2, 3, 2, 4, 4, 3, 2, 1, 2, 3, 4, 2, 1, 1, 4, 4, 4, 2, 3, 3, 2, 0, 2, 2, 3, 2, 1, 2, 3, 1, 3, 3, 2, 0, 3, 1, 3, 3, 2, 2, 3, 2, 4, 1, 2, 2, 3, 3, 0, 1, 3, 3, 1, 1, 3, 3, 2, 2, 1, 2, 3, 1, 0, 1, 4, 4, 1, 3, 1, 0, 2, 1, 3, 3, 0, 2, 2, 2, 2, 0, 3, 2, 3, 2, 3, 3, 3, 2, 3, 2, 3, 3, 0, 4, 3, 3, 3, 3, 1, 1, 2, 2, 1, 2, 2, 2, 3, 4, 1, 0, 2, 3, 3, 1, 1, 1, 2, 1, 1, 2, 2, 0, 2, 3, 4, 2, 3, 2, 4, 3, 3, 1, 3, 3, 1, 3, 2, 2, 1, 1, 0, 1, 3, 1, 2, 1, 4, 1, 4, 3, 1, 4, 2, 3, 0, 3, 2, 4, 3, 0, 4, 3, 2, 1, 4, 3, 1, 0, 3, 0, 4, 4, 4, 4, 1, 2, 2, 1, 2, 1, 2, 2, 4, 1, 2, 2, 4, 2, 4, 1, 3, 4, 4, 2, 2, 4, 4, 1, 3, 2, 0, 3, 4, 3, 2, 4, 0, 1, 2, 4, 4, 3, 4, 3, 1, 2, 1, 2, 4, 4, 3, 4, 4, 2, 2, 1, 2, 2, 3, 3, 2, 3, 1, 0, 2, 2, 3, 3, 2, 4, 0, 2, 4, 3, 0, 3, 2, 1, 4, 3, 3, 2, 3, 1, 2, 1, 4, 1, 2, 1, 3, 4, 4, 0, 2, 3, 3, 2, 2, 2, 4, 3, 2, 2, 3, 2, 0, 3, 3, 1, 4, 2, 1, 4, 2, 3, 2, 2, 4, 4, 1, 1, 3, 1, 2, 2, 4, 1, 4, 3, 1, 3, 4, 4, 2, 4, 0, 1, 0, 3, 2, 1, 3, 1, 2, 4, 4, 0, 4, 2, 1, 4, 4, 1, 3, 4, 4, 2, 3, 2, 4, 1, 2, 1, 1, 2, 3, 3, 1, 1, 1, 2, 3, 2, 1, 3, 4, 3, 2, 2, 0, 0, 3, 1, 0, 3, 1, 3, 1, 1, 3, 0, 1, 2, 2, 3, 1, 4, 0, 1, 2, 1, 3, 3, 2, 2, 4, 4, 3, 4, 0, 4, 4, 1, 4, 3, 4, 1, 1, 2, 3, 2, 1, 3, 1, 0, 3, 3, 3, 3, 2, 2, 4, 2, 3, 4, 2, 3, 1, 3, 3, 4, 2, 4, 4, 2, 2, 3, 1, 4, 1, 4, 4, 2, 4, 0, 2, 0, 3, 4, 2, 3, 2, 4, 1, 1, 2, 3, 2, 3, 4, 3, 1, 3, 4, 3, 4, 3, 4, 1, 4, 4, 0, 4, 4, 0, 0, 2, 3, 3, 3, 3, 4, 3, 0, 0, 2, 0, 2, 2, 2, 3, 4, 1, 4, 2, 0, 0, 3, 1, 2, 4, 4, 2, 4, 1, 2, 3, 0, 4, 4, 3, 4, 1, 0, 4, 4, 4, 4, 2, 1, 3, 0, 4, 2, 2, 3, 3, 3, 2, 1, 2, 2, 1, 2, 3, 3, 4, 4, 1, 1, 2, 2, 4, 2, 3, 3, 3, 1, 1, 4, 4, 3, 4, 0, 2, 3, 3, 4, 2, 2, 2, 3, 4, 3, 4, 1, 3, 3, 0, 2, 2, 1, 0, 0, 3, 1, 4, 3, 3, 3, 2, 3, 4, 2, 1, 1, 2, 4, 4, 1, 4, 1, 4, 0, 0, 0, 4, 3, 2, 2, 4, 3, 0, 3, 4, 2, 3, 2, 4, 4, 2, 1, 0, 0, 0, 2, 1, 3, 3, 2, 1, 4, 0, 4, 4, 2, 1, 2, 1, 4, 4, 2, 4, 3, 0, 0, 1, 0, 4, 3, 1, 4, 2, 1, 2, 2, 4, 2, 1, 2, 1, 3, 3, 2, 2, 2, 2, 4, 2, 2, 3, 3, 1, 3, 1, 3, 2, 4, 1, 2, 1, 0, 3, 3, 0, 3, 4, 3, 2, 0, 4, 0, 3, 1, 2, 1, 3, 2, 0, 4, 4, 0, 3, 3, 1, 0, 2, 4, 2, 0, 4, 3, 3, 4, 3, 4, 2, 4, 3, 4, 1, 0, 2, 1, 0, 2, 2, 3, 1, 0, 1, 1, 1, 2, 4, 3, 3, 4, 4, 2, 1, 1, 1, 3, 2, 2, 2, 0, 4, 3, 0, 4, 0, 1, 2, 1, 1, 4, 2, 2, 1, 4, 0, 3, 2, 1, 1, 4, 2, 1, 0, 2, 2, 1, 1, 3, 2, 3, 2, 4, 1, 2, 2, 1, 2, 2, 0, 4, 4, 2, 2, 3, 4, 3, 1, 0, 0, 2, 1, 4, 1, 1, 2, 0, 2, 1, 4, 2, 1, 4, 4, 4, 0, 3, 4, 0, 0, 2, 1, 0, 4, 0, 4, 0, 0, 2, 2, 4, 2, 4, 2, 4, 1, 4, 2, 3, 4, 2, 0, 2, 4, 4, 3, 4, 3, 4, 4, 1, 2, 4, 3, 1, 0, 2, 4, 1, 3, 1, 4, 2, 4, 4, 1, 3, 4, 4, 4, 4, 2, 3, 4, 0, 4, 3, 2, 2, 2, 4, 0, 0, 1, 4, 3, 1, 2, 0, 2, 4, 3, 1, 4, 4, 3, 1, 2, 3, 3, 2, 4, 4, 3, 1, 1, 1, 1, 2, 4, 3, 4, 1, 4, 0, 4, 4, 2, 4, 1, 1, 2, 4, 3, 4, 3, 4, 0, 1, 4, 0, 4, 2, 4, 1, 3, 4, 3, 2, 1, 3, 4, 1, 1, 1, 1, 2, 0, 1, 4, 3, 4, 2, 1, 0, 4, 0, 4, 0, 1, 0, 4, 1, 0, 2, 4, 1, 0, 2, 0, 2, 0, 1, 4, 3, 2, 1, 1, 1, 3, 1, 4]
[1, 4, 4, 3, 3, 4, 3, 4, 0, 4, 0, 4, 4, 0, 1, 4, 4, 4, 3, 4, 3, 3, 1, 4, 4, 3, 2, 3, 4, 3, 2, 2, 0, 1, 0, 4, 4, 3, 4, 1, 4, 4, 3, 4, 3, 1, 4, 3, 1, 4, 3, 4, 4, 1, 4, 4, 4, 2, 1, 4, 2, 3, 4, 4, 2, 1, 1, 0, 3, 3, 4, 4, 4, 1, 1, 4, 3, 4, 4, 0, 4, 4, 1, 3, 3, 4, 0, 0, 1, 4, 1, 1, 0, 4, 4, 4, 0, 4, 0, 4, 2, 4, 4, 4, 0, 0, 4, 3, 0, 1, 2, 0, 3, 4, 0, 3, 3, 4, 3, 0, 4, 4, 4, 0, 4, 0, 4, 1, 4, 2, 1, 3, 4, 0, 4, 4, 3, 0, 3, 4, 4, 1, 0, 4, 3, 1, 4, 4, 4, 1, 4, 4, 3, 1, 4, 1, 0, 1, 4, 2, 0, 1, 4, 4, 4, 0, 3, 0, 3, 4, 0, 4, 0, 4, 4, 4, 1, 1, 4, 1, 2, 4, 4, 0, 3, 4, 0, 4, 3, 3, 0, 1, 3, 0, 2, 2, 4, 4, 1, 0, 3, 4, 0, 0, 4, 4, 4, 4, 4, 2, 4, 2, 2, 0, 4, 1, 0, 4, 4, 4, 0, 4, 1, 1, 2, 1, 3, 3, 4, 1, 4, 4, 3, 1, 4, 4, 3, 2, 4, 4, 4, 4, 3, 1, 4, 1, 4, 4, 4, 1, 1, 1, 3, 4, 1, 1, 4, 3, 0, 4, 4, 4, 1, 4, 1, 4, 1, 4, 4, 4, 2, 1, 0, 4, 0, 4, 2, 4, 4, 0, 0, 4, 1, 4, 4, 4, 4, 0, 3, 1, 1, 4, 4, 3, 4, 0, 3, 4, 3, 0, 0, 3, 4, 4, 4, 0, 2, 4, 3, 0, 4, 4, 1, 4, 1, 3, 4, 0, 4, 3, 4, 4, 3, 0, 4, 4, 4, 4, 1, 3, 3, 1, 4, 3, 0, 4, 4, 4, 4, 4, 3, 4, 2, 4, 3, 1, 3, 4, 2, 0, 1, 4, 4, 3, 1, 1, 4, 4, 4, 3, 1, 4, 4, 4, 1, 0, 1, 0, 3, 0, 0, 4, 0, 4, 4, 1, 4, 0, 4, 1, 1, 4, 3, 1, 1, 2, 1, 0, 4, 3, 3, 1, 1, 3, 4, 4, 4, 4, 3, 3, 4, 4, 0, 2, 4, 1, 4, 1, 4, 4, 1, 4, 4, 0, 3, 4, 3, 4, 4, 2, 4, 3, 3, 2, 4, 3, 4, 1, 0, 1, 3, 1, 3, 1, 2, 1, 4, 1, 3, 3, 4, 4, 2, 0, 4, 4, 3, 4, 1, 1, 0, 4, 0, 0, 4, 4, 4, 1, 4, 4, 4, 4, 1, 4, 4, 4, 4, 2, 0, 4, 0, 4, 4, 4, 4, 4, 4, 4, 1, 4, 2, 4, 1, 4, 4, 1, 4, 2, 2, 4, 4, 4, 3, 1, 4, 0, 4, 1, 3, 4, 3, 1, 0, 1, 3, 0, 4, 4, 1, 4, 0, 3, 4, 0, 4, 0, 4, 0, 3, 4, 3, 2, 3, 4, 4, 4, 4, 4, 3, 1, 4, 4, 4, 4, 1, 0, 4, 4, 4, 4, 3, 3, 4, 0, 4, 3, 3, 2, 1, 3, 4, 1, 4, 4, 1, 0, 4, 1, 3, 3, 2, 3, 3, 1, 4, 1, 2, 4, 3, 4, 0, 0, 4, 3, 1, 1, 3, 1, 3, 3, 1, 4, 3, 1, 0, 1, 4, 4, 1, 3, 1, 0, 3, 1, 4, 3, 0, 4, 4, 1, 4, 0, 3, 4, 4, 4, 4, 3, 4, 4, 2, 4, 2, 3, 0, 4, 4, 4, 4, 3, 1, 1, 1, 4, 1, 4, 1, 2, 3, 0, 1, 0, 1, 4, 4, 1, 1, 1, 4, 1, 1, 4, 4, 0, 2, 3, 4, 4, 3, 2, 4, 4, 4, 1, 0, 4, 1, 3, 2, 4, 1, 1, 4, 1, 4, 1, 4, 1, 4, 1, 4, 3, 1, 4, 0, 3, 0, 3, 4, 4, 2, 0, 4, 4, 0, 1, 4, 4, 1, 0, 3, 0, 4, 4, 4, 4, 1, 4, 4, 1, 2, 1, 3, 3, 0, 1, 4, 4, 4, 4, 4, 1, 3, 4, 4, 4, 4, 4, 4, 1, 4, 4, 0, 3, 4, 3, 2, 4, 0, 1, 0, 4, 4, 3, 4, 0, 1, 4, 1, 4, 4, 4, 4, 4, 4, 3, 1, 1, 4, 0, 4, 0, 0, 4, 1, 0, 4, 4, 3, 3, 4, 4, 0, 3, 4, 3, 0, 4, 4, 1, 4, 4, 4, 4, 4, 1, 4, 1, 4, 1, 3, 1, 3, 4, 4, 0, 4, 3, 3, 4, 3, 4, 0, 3, 4, 2, 3, 4, 0, 4, 4, 1, 4, 4, 1, 4, 0, 4, 2, 4, 4, 4, 1, 1, 4, 1, 4, 4, 4, 1, 4, 3, 0, 4, 1, 4, 4, 4, 4, 1, 4, 2, 4, 1, 4, 1, 4, 4, 4, 0, 4, 4, 1, 4, 4, 1, 3, 4, 4, 4, 4, 4, 4, 1, 3, 1, 1, 4, 3, 3, 1, 1, 1, 4, 2, 1, 1, 3, 4, 4, 4, 4, 4, 0, 3, 1, 0, 3, 1, 4, 1, 1, 3, 0, 1, 1, 4, 3, 1, 4, 0, 1, 4, 1, 3, 4, 4, 4, 4, 4, 4, 4, 0, 4, 4, 1, 4, 4, 4, 1, 1, 0, 4, 4, 1, 3, 1, 0, 4, 4, 3, 3, 4, 2, 4, 1, 3, 4, 3, 3, 1, 4, 4, 4, 4, 3, 4, 4, 4, 4, 1, 4, 1, 4, 4, 4, 4, 0, 1, 0, 4, 4, 0, 3, 2, 4, 1, 1, 4, 0, 4, 4, 4, 3, 1, 3, 3, 4, 4, 4, 4, 1, 4, 4, 0, 3, 4, 0, 4, 3, 4, 3, 4, 3, 4, 3, 0, 0, 1, 0, 4, 3, 2, 4, 4, 1, 4, 2, 0, 0, 0, 1, 2, 4, 4, 3, 4, 1, 4, 4, 0, 4, 4, 4, 4, 4, 0, 4, 4, 4, 4, 2, 1, 3, 0, 4, 4, 1, 3, 3, 3, 0, 1, 3, 4, 1, 4, 2, 2, 4, 4, 1, 1, 2, 4, 3, 4, 3, 4, 0, 1, 1, 1, 4, 4, 4, 0, 4, 3, 3, 4, 4, 4, 3, 3, 4, 3, 4, 1, 3, 3, 0, 0, 4, 1, 0, 0, 2, 1, 4, 4, 3, 4, 4, 4, 4, 4, 1, 1, 4, 4, 4, 1, 1, 1, 4, 0, 0, 0, 4, 4, 4, 3, 4, 3, 0, 3, 4, 3, 3, 4, 3, 4, 4, 1, 0, 0, 0, 4, 1, 3, 3, 0, 1, 4, 0, 4, 4, 4, 1, 4, 1, 4, 3, 3, 4, 3, 0, 0, 1, 0, 4, 3, 1, 4, 4, 1, 3, 4, 4, 4, 1, 4, 1, 2, 4, 4, 4, 4, 4, 4, 4, 1, 3, 4, 1, 4, 1, 4, 3, 4, 1, 4, 1, 0, 3, 2, 0, 4, 4, 3, 4, 0, 4, 4, 3, 1, 4, 1, 4, 1, 0, 4, 0, 0, 3, 4, 1, 0, 4, 4, 2, 0, 4, 3, 3, 4, 3, 4, 4, 4, 2, 4, 1, 0, 1, 1, 0, 4, 4, 4, 1, 0, 1, 1, 1, 4, 4, 4, 4, 4, 4, 4, 1, 1, 1, 3, 2, 2, 4, 0, 4, 4, 0, 4, 0, 1, 2, 1, 1, 4, 2, 2, 1, 4, 0, 4, 4, 1, 1, 4, 4, 1, 0, 3, 3, 1, 1, 4, 4, 4, 4, 2, 1, 4, 1, 1, 2, 4, 0, 4, 1, 4, 4, 3, 4, 4, 1, 0, 0, 3, 1, 4, 1, 1, 4, 4, 4, 1, 4, 4, 1, 4, 4, 3, 2, 3, 4, 0, 0, 3, 1, 0, 4, 0, 4, 0, 0, 3, 3, 4, 4, 4, 2, 4, 1, 4, 2, 3, 4, 4, 0, 4, 4, 4, 0, 4, 4, 4, 4, 1, 4, 4, 4, 1, 0, 0, 3, 1, 2, 1, 4, 2, 4, 4, 1, 3, 4, 4, 4, 4, 4, 2, 4, 0, 4, 4, 3, 4, 4, 4, 0, 0, 1, 4, 4, 1, 4, 1, 4, 4, 4, 1, 4, 4, 4, 1, 3, 4, 4, 3, 4, 4, 4, 0, 3, 1, 1, 2, 4, 3, 4, 1, 3, 4, 4, 4, 3, 4, 1, 1, 4, 4, 2, 4, 3, 4, 0, 1, 4, 0, 4, 4, 4, 1, 4, 4, 3, 4, 0, 3, 4, 1, 1, 1, 1, 2, 0, 1, 4, 4, 4, 4, 1, 0, 4, 0, 4, 0, 1, 0, 4, 1, 0, 4, 4, 1, 0, 2, 0, 3, 0, 1, 4, 3, 2, 1, 4, 1, 4, 0, 4]
[[159   2   4   0   8]
 [ 12 262   0   1   4]
 [ 17  20  51  62 218]
 [  9   3  26 150 139]
 [  4   6   1  13 301]]
[1, 1, 0, 0, 0, 1, 1, 0, 1, 0, 1, 0, 1, 1, 1, 1, 1, 1, 0, 0, 1, 1, 1, 0, 1, 1, 1, 1, 0, 1, 0, 1, 0, 0, 0, 0, 0, 0, 1, 0, 0, 1, 1, 1, 0, 1, 0, 0, 0, 0, 0, 0, 1, 0, 1, 0, 0, 1, 1, 1, 1, 0, 1, 1, 1, 0, 1, 0, 1, 0, 0, 1, 0, 0, 1, 1, 1, 0, 1, 1, 0, 1, 1, 1, 0, 0, 1, 1, 0, 0, 0, 1, 0, 0, 0, 0, 0, 1, 1, 1, 0, 1, 1, 0, 1, 1, 1, 1, 0, 1, 0, 0, 0, 1, 1, 1, 1, 0, 0, 1, 1, 0, 0, 0, 0, 0, 0, 0, 0, 1, 0, 0, 1, 1, 0, 1, 0, 1, 1, 1, 1, 1, 1, 0, 1, 0, 0, 0, 1, 0, 1, 1, 1, 0, 1, 0, 1, 1, 1, 0, 0, 0, 0, 1, 0, 0, 0, 1, 1, 0, 1, 0, 0, 1, 0, 1, 1, 0, 1, 0, 1, 1, 0, 0, 0, 1, 0, 0, 0, 1, 1, 0, 1, 0, 0, 0, 1, 1, 1, 1, 1, 1, 0, 0, 0, 0, 0, 0, 1, 1, 1, 1, 1, 0, 1, 1, 1, 0, 1, 1, 1, 0, 0, 0, 0, 1, 1, 1, 0, 1, 1, 1, 1, 0, 1, 1, 0, 1, 1, 1, 1, 0, 1, 1, 1, 1, 1, 1, 0, 1, 1, 0, 0, 0, 1, 1, 1, 1, 1, 1, 1, 1, 1, 0, 1, 0, 0, 0, 0, 0, 0, 0, 1, 1, 1, 1, 1, 0, 1, 0, 0, 0, 0, 1, 1, 0, 1, 0, 0, 0, 0, 1, 1, 1, 1, 0, 0, 0, 1, 0, 0, 0, 0, 1, 1, 1, 1, 1, 1, 1, 1, 0, 0, 1, 0, 0, 0, 1, 0, 0, 0, 1, 1, 1, 0, 1, 0, 0, 0, 0, 0, 0, 1, 1, 0, 1, 0, 1, 0, 1, 1, 1, 1, 1, 0, 1, 0, 0, 1, 1, 0, 0, 0, 0, 0, 1, 1, 1, 0, 1, 0, 1, 0, 1, 1, 0, 1, 1, 0, 1, 0, 0, 0, 0, 1, 1, 1, 0, 0, 0, 0, 0, 0, 0, 1, 1, 1, 1, 0, 0, 0, 0, 0, 1, 0, 1, 1, 1, 0, 0, 0, 0, 0, 1, 1, 1, 0, 1, 0, 1, 1, 0, 1, 0, 0, 0, 0, 1, 0, 0, 1, 0, 0, 0, 1, 0, 1, 0, 0, 0, 1, 0, 0, 1, 0, 0, 0, 0, 0, 1, 1, 1, 0, 1, 0, 0, 1, 0, 1, 1, 1, 1, 0, 1, 1, 1, 0, 0, 0, 0, 1, 0, 1, 1, 1, 0, 1, 1, 1, 0, 1, 0, 0, 0, 0, 1, 1, 0, 0, 1, 0, 0, 1, 1, 1, 1, 1, 1, 0, 0, 1, 0, 0, 1, 0, 0, 1, 1, 1, 1, 0, 0, 1, 1, 0, 0, 1, 0, 0, 1, 0, 1, 1, 1, 0, 1, 0, 1, 0, 0, 0, 0, 0, 0, 0, 1, 0, 0, 0, 0, 0, 0, 1, 0, 0, 1, 0, 1, 0, 1, 1, 1, 1, 1, 0, 0, 1, 0, 0, 0, 0, 0, 0, 1, 0, 1, 0, 0, 1, 0, 1, 1, 1, 1, 0, 0, 0, 0, 0, 1, 1, 1, 1, 1, 1, 0, 1, 0, 1, 1, 0, 0, 1, 0, 1, 0, 1, 1, 1, 0, 1, 0, 1, 1, 0, 0, 1, 0, 0, 0, 1, 1, 0, 0, 0, 0, 0, 0, 0, 1, 0, 1, 0, 1, 1, 1, 1, 1, 1, 1, 0, 0, 0, 0, 0, 1, 1, 0, 0, 0, 1, 1, 0, 1, 0, 0, 0, 1, 0, 1, 0, 1, 0, 1, 0, 0, 0, 1, 1, 1, 0, 1, 1, 0, 0, 0, 1, 0, 1, 0, 1, 1, 0, 1, 1, 1, 1, 0, 0, 1, 1, 1, 1, 1, 1, 0, 0, 0, 1, 0, 0, 1, 0, 1, 1, 1, 0, 0, 1, 0, 1, 0, 0, 0, 0, 1, 1, 0, 0, 1, 0, 0, 1, 0, 1, 0, 1, 1, 0, 0, 1, 1, 0, 1, 1, 0, 0, 0, 0, 0, 1, 0, 0, 0, 1, 1, 0, 0, 0, 1, 0, 1, 1, 0, 0, 0, 0, 1, 0, 1, 0, 1, 1, 1, 0, 1, 0, 0, 1, 0, 0, 1, 0, 0, 0, 0, 1, 0, 1, 0, 0, 1, 0, 1, 0, 0, 0, 0, 1, 0, 0, 0, 1, 0, 0, 0, 1, 0, 0, 1, 1, 0, 1, 1, 1, 0, 1, 0, 1, 1, 1, 0, 0, 1, 0, 1, 1, 0, 0, 0, 0, 1, 0, 0, 1, 0, 0, 1, 1, 0, 0, 1, 0, 0, 1, 0, 0, 0, 1, 0, 0, 1, 0, 1, 1, 0, 0, 0, 0, 1, 0, 0]
[1, 1, 0, 0, 0, 1, 1, 1, 1, 1, 1, 0, 1, 1, 1, 1, 1, 1, 0, 1, 1, 1, 1, 1, 1, 1, 1, 1, 1, 1, 0, 1, 0, 0, 1, 2, 0, 0, 1, 0, 1, 1, 1, 1, 1, 1, 1, 0, 0, 0, 0, 0, 1, 0, 1, 1, 0, 1, 1, 1, 1, 0, 1, 1, 1, 0, 1, 4, 1, 0, 0, 1, 0, 0, 1, 1, 1, 3, 1, 1, 0, 1, 1, 1, 1, 0, 1, 1, 0, 1, 0, 1, 1, 0, 1, 0, 0, 1, 1, 1, 1, 1, 1, 0, 1, 1, 1, 1, 0, 1, 0, 0, 0, 1, 1, 1, 1, 0, 0, 1, 1, 0, 0, 0, 1, 0, 1, 0, 0, 1, 0, 0, 1, 1, 0, 1, 0, 1, 1, 1, 1, 1, 1, 1, 1, 1, 0, 0, 1, 0, 1, 1, 1, 0, 1, 1, 1, 1, 1, 1, 0, 0, 0, 1, 0, 0, 0, 1, 1, 0, 1, 0, 3, 1, 0, 1, 1, 1, 1, 0, 1, 1, 0, 0, 0, 1, 0, 0, 1, 1, 1, 0, 1, 0, 0, 0, 1, 1, 1, 1, 1, 1, 1, 0, 0, 1, 0, 1, 1, 1, 1, 1, 1, 1, 1, 1, 1, 0, 1, 1, 1, 1, 1, 1, 1, 1, 1, 1, 0, 1, 1, 1, 1, 0, 1, 1, 1, 1, 1, 1, 1, 1, 1, 1, 1, 1, 1, 1, 1, 1, 1, 0, 0, 1, 1, 1, 1, 1, 1, 1, 1, 1, 1, 0, 1, 0, 1, 0, 0, 1, 0, 0, 1, 1, 1, 1, 1, 0, 1, 0, 0, 0, 0, 1, 1, 0, 1, 0, 1, 0, 1, 1, 1, 1, 1, 0, 1, 1, 1, 0, 0, 0, 0, 1, 1, 1, 1, 1, 1, 1, 1, 1, 1, 1, 0, 1, 1, 1, 0, 1, 0, 1, 1, 1, 1, 1, 0, 0, 0, 0, 0, 0, 1, 1, 1, 1, 0, 1, 0, 1, 1, 1, 1, 1, 0, 1, 1, 1, 1, 1, 1, 1, 1, 1, 0, 1, 1, 1, 0, 1, 0, 1, 0, 1, 1, 0, 1, 1, 0, 1, 0, 0, 1, 0, 1, 1, 1, 1, 0, 1, 1, 0, 0, 0, 1, 1, 1, 1, 0, 1, 0, 0, 0, 1, 1, 1, 1, 1, 0, 0, 0, 1, 0, 1, 1, 1, 0, 1, 0, 1, 1, 0, 1, 0, 1, 0, 0, 1, 1, 0, 1, 0, 0, 0, 1, 1, 1, 1, 0, 1, 1, 0, 1, 1, 0, 0, 0, 1, 0, 1, 1, 1, 0, 1, 0, 0, 1, 0, 1, 1, 1, 1, 0, 1, 1, 1, 0, 0, 1, 0, 1, 0, 1, 1, 1, 1, 1, 1, 1, 0, 1, 0, 0, 0, 0, 1, 1, 0, 0, 1, 0, 0, 1, 1, 1, 1, 1, 1, 0, 0, 1, 0, 1, 1, 1, 0, 1, 1, 1, 1, 0, 0, 1, 1, 0, 0, 1, 0, 0, 1, 0, 1, 1, 1, 0, 1, 1, 1, 1, 1, 1, 0, 0, 0, 0, 1, 0, 0, 0, 1, 0, 1, 1, 0, 0, 1, 1, 1, 0, 1, 1, 1, 1, 1, 0, 0, 1, 0, 1, 0, 1, 1, 0, 1, 0, 1, 0, 1, 1, 1, 1, 1, 1, 1, 0, 0, 1, 0, 1, 1, 1, 1, 1, 1, 1, 1, 1, 1, 1, 1, 1, 0, 1, 1, 1, 1, 1, 1, 1, 0, 1, 1, 1, 1, 1, 1, 1, 0, 0, 0, 1, 1, 0, 0, 0, 0, 1, 0, 1, 1, 0, 1, 0, 1, 1, 1, 1, 1, 1, 1, 0, 0, 1, 0, 1, 1, 1, 1, 0, 0, 1, 1, 0, 1, 1, 0, 0, 1, 1, 1, 0, 1, 1, 1, 0, 1, 1, 1, 1, 1, 0, 1, 1, 0, 1, 0, 1, 0, 1, 1, 1, 1, 4, 1, 1, 1, 1, 0, 1, 1, 1, 1, 1, 1, 1, 0, 0, 0, 1, 0, 0, 1, 0, 1, 1, 1, 0, 0, 1, 0, 1, 1, 0, 0, 0, 1, 1, 0, 0, 1, 0, 0, 1, 1, 1, 1, 1, 1, 0, 0, 1, 1, 0, 1, 1, 1, 0, 1, 0, 0, 1, 0, 1, 0, 1, 1, 1, 1, 0, 1, 0, 1, 1, 0, 0, 0, 1, 1, 0, 1, 1, 1, 1, 1, 0, 1, 0, 0, 1, 1, 1, 1, 0, 0, 0, 1, 1, 1, 1, 0, 0, 1, 1, 1, 1, 0, 1, 0, 1, 1, 0, 0, 1, 0, 0, 0, 1, 0, 1, 1, 1, 0, 1, 1, 1, 1, 1, 0, 1, 1, 1, 1, 0, 1, 0, 1, 1, 0, 0, 0, 1, 1, 0, 1, 1, 0, 0, 1, 1, 0, 0, 1, 1, 0, 1, 0, 0, 0, 1, 1, 1, 1, 0, 1, 1, 0, 0, 1, 0, 1, 0, 0]
[[293 134   1   2   2]
 [  0 400   0   0   0]
 [  0   0   0   0   0]
 [  0   0   0   0   0]
 [  0   0   0   0   0]]
[1, 1, 1, 1, 0, 0, 1, 0, 1, 0, 1, 1, 0, 1, 1, 0, 0, 0, 1, 0, 1, 1, 0, 1, 1, 1, 0, 0, 0, 1, 0, 1, 0, 1, 1, 1, 0, 0, 0, 0, 1, 1, 1, 0, 0, 0, 0, 0, 0, 0, 1, 0, 0, 0, 0, 1, 0, 0, 1, 1, 1, 1, 0, 1, 0, 0, 0, 1, 0, 1, 1, 0, 1, 0, 0, 0, 0, 1, 0, 0, 0, 1, 0, 1, 0, 0, 0, 1, 1, 0, 1, 0, 1, 0, 0, 0, 0, 0, 1, 0, 0, 0, 0, 0, 1, 0, 0, 0, 0, 1, 1, 1, 1, 0, 0, 0, 0, 1, 0, 1, 1, 1, 0, 1, 0, 0, 0, 0, 0, 1, 1, 0, 0, 1, 0, 0, 1, 0, 1, 0, 0, 0, 1, 1, 1, 1, 1, 0, 1, 0, 1, 0, 0, 1, 1, 0, 1, 1, 1, 0, 1, 0, 1, 0, 0, 1, 1, 1, 1, 1, 0, 0, 0, 1, 1, 0, 1, 1, 0, 1, 1, 0, 0, 1, 1, 1, 0, 0, 0, 0, 1, 0, 0, 1, 0, 1, 1, 1, 1, 0, 1, 0, 0, 1, 1, 1, 0, 0, 0, 1, 1, 1, 1, 1, 1, 1, 0, 0, 1, 0, 1, 0, 0, 0, 0, 0, 1, 1, 0, 1, 0, 0, 0, 0, 0, 1, 0, 1, 1, 0, 1, 0, 1, 0, 0, 1, 0, 1, 0, 1, 0, 1, 0, 1, 0, 1, 1, 0, 1, 1, 1, 0, 1, 0, 0, 0, 0, 0, 1, 0, 1, 0, 0, 0, 0, 1, 0, 1, 0, 0, 0, 1, 0, 1, 0, 0, 0, 1, 0, 1, 1, 1, 1, 1, 0, 1, 0, 0, 0, 1, 0, 0, 1, 1, 0, 0, 0, 0, 1, 1, 1, 0, 1, 0, 1, 0, 1, 0, 0, 1, 0, 1, 1, 1, 0, 0, 0, 1, 1, 0, 1, 1, 1, 0, 0, 0, 1, 0, 1, 0, 0, 0, 1, 1, 0, 0, 0, 1, 0, 1, 1, 0, 1, 1, 0, 0, 1, 1, 0, 0, 1, 0, 1, 0, 1, 0, 1, 1, 1, 1, 1, 1, 1, 0, 1, 1, 1, 0, 1, 1, 1, 1, 1, 1, 0, 1, 0, 1, 1, 0, 1, 1, 1, 0, 1, 0, 0, 1, 1, 0, 1, 1, 0, 0, 1, 0, 1, 1, 0, 1, 1, 0, 0, 0, 0, 1, 0, 0, 1, 1, 1, 1, 1, 1, 0, 1, 0, 1, 0, 0, 0, 0, 1, 1, 1, 1, 0, 0, 1, 1, 1, 1, 0, 1, 0, 0, 1, 0, 1, 0, 1, 1, 0, 1, 1, 1, 1, 0, 0, 0, 1, 1, 0, 0, 1, 1, 1, 0, 0, 0, 1, 0, 0, 1, 1, 0, 1, 0, 0, 1, 1, 0, 1, 0, 1, 1, 0, 1, 1, 0, 0, 1, 1, 1, 0, 1, 0, 1, 1, 0, 1, 1, 1, 0, 1, 0, 0, 1, 1, 1, 1, 0, 1, 1, 1, 0, 0, 0, 0, 1, 1, 1, 0, 0, 1, 0, 0, 0, 1, 1, 0, 0, 1, 1, 0, 1, 0, 0, 1, 1, 1, 0, 1, 1, 0, 0, 1, 1, 1, 0, 1, 1, 0, 1, 0, 1, 0, 1, 0, 0, 0, 0, 1, 1, 0, 0, 0, 1, 0, 0, 1, 0, 0, 1, 0, 1, 0, 0, 1, 0, 0, 1, 1, 0, 1, 1, 0, 1, 1, 1, 1, 1, 1, 1, 0, 1, 0, 0, 0, 0, 1, 1, 1, 1, 1, 1, 1, 0, 0, 0, 1, 1, 1, 0, 0, 1, 0, 0, 1, 1, 0, 0, 1, 0, 0, 0, 1, 0, 0, 0, 0, 0, 0, 0, 0, 1, 1, 0, 0, 0, 0, 0, 1, 1, 1, 1, 1, 1, 1, 0, 0, 0, 0, 1, 1, 1, 1, 0, 1, 0, 1, 0, 1, 0, 1, 1, 1, 1, 1, 1, 1, 1, 0, 1, 0, 1, 1, 0, 1, 0, 0, 0, 0, 0, 1, 0, 0, 0, 1, 0, 0, 1, 1, 0, 0, 1, 1, 0, 0, 0, 1, 1, 0, 1, 0, 0, 1, 1, 0, 0, 1, 0, 0, 0, 0, 1, 1, 0, 0, 0, 0, 0, 0, 0, 0, 0, 0, 1, 0, 0, 1, 0, 1, 1, 1, 0, 0, 0, 1, 1, 0, 0, 1, 1, 1, 0, 0, 1, 1, 0, 0, 0, 0, 0, 0, 1, 1, 1, 0, 1, 1, 1, 1, 1, 0, 0, 0, 1, 1, 1, 0, 1, 0, 1, 1, 0, 1, 1, 1, 0, 1, 0, 0, 1, 1, 0, 1, 0, 1, 0, 0, 1, 1, 1, 1, 1, 0, 0, 1, 1, 0, 0, 0, 0, 0, 0, 1, 1, 1, 1, 1, 0, 0, 0, 1, 1, 1, 0, 0, 0, 0, 0, 0, 0, 0, 0, 0, 1, 0, 0, 1, 0]
[1, 1, 1, 1, 3, 0, 1, 0, 1, 0, 1, 1, 1, 1, 1, 2, 0, 0, 1, 0, 1, 1, 0, 1, 1, 1, 0, 0, 0, 1, 0, 1, 1, 1, 1, 1, 0, 0, 0, 0, 1, 1, 1, 0, 0, 0, 0, 0, 0, 0, 1, 0, 0, 0, 0, 1, 0, 0, 1, 1, 1, 1, 0, 1, 0, 0, 0, 1, 0, 1, 1, 0, 1, 0, 0, 0, 0, 1, 1, 0, 0, 1, 0, 1, 0, 0, 0, 1, 1, 0, 1, 1, 1, 0, 0, 2, 0, 0, 1, 0, 0, 0, 0, 0, 1, 1, 0, 1, 0, 1, 1, 1, 1, 0, 0, 0, 0, 1, 0, 1, 1, 1, 0, 1, 0, 1, 0, 0, 0, 1, 1, 0, 0, 1, 0, 0, 1, 0, 1, 0, 0, 0, 1, 1, 1, 1, 1, 0, 1, 1, 1, 0, 0, 1, 1, 0, 1, 1, 1, 1, 1, 1, 1, 0, 1, 1, 1, 1, 1, 1, 0, 0, 1, 1, 1, 0, 1, 1, 0, 1, 1, 0, 0, 1, 1, 1, 1, 0, 0, 0, 1, 0, 0, 1, 0, 1, 1, 1, 1, 0, 1, 0, 0, 1, 1, 1, 0, 0, 0, 1, 1, 1, 1, 1, 1, 1, 0, 0, 1, 1, 1, 0, 0, 0, 1, 0, 1, 1, 0, 1, 0, 0, 0, 0, 1, 1, 0, 1, 1, 1, 1, 0, 1, 0, 0, 1, 0, 1, 0, 1, 1, 1, 2, 1, 0, 1, 1, 1, 1, 1, 1, 0, 1, 0, 0, 0, 0, 0, 1, 0, 1, 2, 0, 0, 0, 1, 0, 1, 0, 0, 1, 1, 0, 1, 0, 0, 0, 1, 0, 1, 1, 1, 1, 1, 1, 1, 0, 0, 1, 1, 0, 0, 1, 1, 0, 0, 0, 0, 1, 1, 1, 0, 1, 0, 1, 0, 1, 0, 0, 1, 0, 1, 1, 1, 0, 0, 0, 1, 1, 0, 1, 1, 1, 1, 0, 0, 1, 1, 1, 0, 0, 0, 1, 1, 1, 0, 0, 1, 0, 1, 1, 2, 1, 1, 1, 0, 1, 1, 0, 0, 1, 0, 1, 0, 1, 0, 1, 1, 1, 1, 1, 1, 1, 1, 1, 1, 1, 0, 1, 1, 1, 1, 1, 1, 0, 1, 0, 1, 1, 0, 1, 1, 1, 0, 1, 0, 1, 1, 1, 0, 1, 1, 0, 0, 1, 0, 1, 1, 0, 1, 1, 0, 0, 0, 0, 1, 0, 0, 1, 1, 1, 1, 1, 1, 0, 1, 0, 1, 0, 1, 0, 0, 1, 1, 1, 1, 1, 0, 1, 1, 1, 1, 1, 1, 2, 0, 1, 1, 1, 0, 1, 1, 0, 1, 1, 1, 1, 1, 0, 0, 1, 1, 0, 0, 1, 1, 1, 0, 0, 0, 1, 0, 0, 1, 1, 0, 1, 0, 1, 1, 1, 0, 1, 0, 1, 1, 0, 1, 1, 0, 0, 1, 1, 1, 0, 1, 1, 1, 1, 0, 1, 1, 1, 1, 1, 0, 0, 1, 1, 1, 1, 0, 1, 1, 1, 0, 0, 0, 0, 1, 1, 1, 0, 0, 1, 0, 0, 0, 1, 1, 0, 0, 1, 1, 0, 1, 0, 0, 1, 1, 1, 1, 1, 1, 0, 0, 1, 1, 1, 0, 1, 1, 0, 1, 0, 1, 0, 1, 0, 0, 0, 0, 1, 1, 0, 0, 0, 1, 0, 1, 1, 0, 1, 1, 0, 1, 0, 1, 1, 0, 0, 1, 1, 0, 1, 1, 0, 1, 1, 1, 1, 1, 1, 1, 0, 1, 0, 1, 0, 0, 1, 1, 1, 1, 1, 1, 1, 1, 0, 0, 1, 1, 1, 0, 0, 1, 0, 0, 1, 1, 0, 0, 1, 1, 0, 0, 1, 2, 1, 0, 0, 0, 0, 0, 1, 1, 1, 1, 1, 0, 0, 1, 1, 1, 1, 1, 1, 1, 1, 0, 0, 2, 0, 1, 1, 1, 1, 1, 1, 0, 1, 0, 1, 0, 1, 1, 1, 1, 1, 1, 1, 1, 0, 1, 0, 1, 1, 0, 1, 0, 0, 0, 0, 0, 1, 0, 2, 0, 1, 1, 0, 1, 1, 0, 0, 1, 1, 0, 1, 1, 1, 1, 0, 1, 0, 1, 1, 1, 0, 0, 1, 0, 0, 0, 1, 1, 1, 1, 1, 0, 0, 0, 1, 0, 1, 1, 0, 1, 0, 0, 1, 0, 1, 1, 1, 0, 0, 0, 1, 1, 0, 0, 1, 1, 1, 0, 1, 1, 1, 1, 0, 0, 0, 0, 0, 1, 1, 1, 0, 1, 1, 1, 1, 1, 0, 0, 0, 1, 1, 1, 0, 1, 0, 1, 1, 0, 1, 1, 1, 0, 1, 0, 0, 1, 1, 0, 1, 0, 1, 0, 0, 1, 1, 1, 1, 1, 0, 0, 1, 1, 0, 0, 0, 0, 0, 0, 1, 1, 1, 1, 1, 0, 0, 0, 1, 1, 1, 0, 1, 0, 0, 0, 1, 0, 0, 0, 0, 1, 0, 0, 1, 0]
[[350  63   9   1]
 [  0 409   0   0]
 [  0   0   0   0]
 [  0   0   0   0]]
[4, 0, 3, 3, 1, 0, 3, 4, 2, 4, 3, 1, 0, 4, 3, 0, 0, 1, 3, 3, 2, 1, 0, 3, 2, 2, 3, 4, 2, 3, 0, 4, 2, 3, 0, 3, 4, 4, 1, 0, 2, 3, 2, 2, 4, 2, 1, 0, 0, 1, 4, 3, 2, 1, 2, 4, 3, 4, 4, 2, 0, 2, 4, 4, 1, 2, 1, 0, 1, 4, 2, 1, 3, 4, 2, 4, 4, 2, 0, 0, 0, 0, 1, 3, 2, 1, 2, 2, 1, 1, 0, 4, 2, 0, 2, 0, 1, 3, 1, 3, 2, 0, 3, 2, 0, 0, 0, 3, 3, 4, 1, 2, 4, 1, 4, 0, 0, 2, 1, 2, 4, 1, 4, 4, 2, 3, 1, 0, 3, 4, 1, 2, 4, 1, 3, 1, 3, 1, 2, 4, 0, 3, 1, 3, 1, 0, 3, 2, 3, 0, 3, 1, 4, 0, 1, 4, 0, 0, 1, 3]
[4, 0, 3, 3, 1, 0, 3, 2, 2, 4, 3, 1, 0, 4, 3, 0, 0, 1, 3, 3, 2, 1, 0, 3, 2, 2, 3, 4, 2, 3, 0, 4, 2, 3, 0, 3, 4, 4, 1, 0, 2, 3, 2, 2, 4, 2, 1, 0, 0, 1, 2, 3, 3, 1, 2, 4, 2, 4, 4, 4, 0, 2, 4, 4, 1, 2, 1, 0, 1, 2, 3, 1, 2, 4, 2, 4, 4, 2, 0, 0, 0, 0, 1, 3, 2, 1, 2, 2, 1, 1, 0, 4, 2, 0, 2, 0, 1, 3, 1, 2, 2, 0, 3, 2, 0, 0, 0, 3, 3, 4, 1, 2, 2, 1, 4, 0, 0, 2, 1, 3, 4, 1, 4, 2, 4, 4, 1, 0, 3, 2, 1, 2, 4, 1, 2, 1, 3, 1, 2, 2, 0, 3, 1, 2, 1, 0, 3, 4, 3, 0, 3, 1, 4, 2, 1, 4, 0, 0, 1, 3]
[[32  0  1  0  0]
 [ 0 32  0  0  0]
 [ 0  0 26  3  3]
 [ 0  0  5 26  1]
 [ 0  0  7  0 24]]
[1, 13, 1, 11, 9, 0, 6, 2, 4, 8, 0, 0, 7, 4, 5, 11, 10, 11, 7, 6, 2, 8, 11, 5, 5, 12, 1, 12, 12, 8, 1, 2, 1, 6, 9, 13, 5, 5, 3, 13, 2, 4, 7, 12, 8, 6, 9, 10, 0, 8, 8, 13, 9, 12, 12, 11, 7, 2, 3, 3, 1, 9, 2, 12, 4, 9, 1, 4, 0, 0, 13, 8, 10, 12, 1, 0, 1, 6, 0, 8, 11, 8, 6, 10, 12, 5, 10, 4, 1, 1, 9, 5, 5, 12, 2, 5, 1, 4, 7, 6, 9, 9, 10, 8, 6, 1, 9, 11, 10, 1, 8, 3, 11, 5, 13, 0, 8, 4, 2, 9, 5, 9, 12, 8, 6, 7, 2, 2, 9, 11, 9, 2, 13, 11, 11, 2, 4, 3, 12, 3, 5, 2, 6, 8, 4, 4, 8, 13, 0, 0, 9, 11, 7, 12, 7, 8, 9, 13, 3, 4, 10, 12, 1, 7, 1, 2, 8, 11, 13, 5, 1, 12, 5, 2, 11, 10, 8, 12, 7, 11, 7, 7, 1, 7, 9, 6, 5, 10, 9, 5, 3, 0, 5, 7, 4, 9, 10, 12, 11, 2, 1, 7, 11, 11, 6, 0, 8, 1, 4, 13, 1, 4, 0, 9, 10, 13, 2, 10, 5, 9, 11, 4, 8, 12, 3, 7, 4, 10, 4, 13, 12, 7, 4, 6, 4, 6, 4, 8, 12, 10, 0, 1, 3, 10, 0, 4, 3, 1, 0, 8, 11, 2, 1, 7, 6, 0, 7, 11, 13, 2, 3, 2, 11, 0, 5, 1, 9, 9, 5, 6, 6, 11, 7, 3, 12, 6, 5, 13, 3, 13, 7, 2, 5, 11, 6, 5, 1, 9, 7, 4, 5, 2, 13, 3, 10, 0, 10, 2, 3, 11, 7, 3, 6, 4, 8, 7, 13, 11, 0, 7, 1, 5, 0, 8, 3, 12, 10, 11, 0, 6, 3, 3, 13, 10, 8, 4, 13, 0, 12, 9, 0, 7, 11, 9, 11, 10, 10, 13, 7, 6, 10, 13, 8, 2, 12, 0, 8, 5, 8, 1, 3, 6, 12, 4, 12, 9, 0, 9, 4, 5, 7, 12, 2, 6, 2, 13, 8, 5, 12, 3, 13, 3, 2, 13, 5, 5, 10, 7, 10, 1, 1, 2, 12, 0, 10, 9, 3, 3, 10, 4, 13, 10, 6, 12, 7, 11, 6, 3, 3, 9, 13, 13, 11, 7, 0, 11, 8, 6, 12, 13, 13, 12, 8, 10, 2, 0, 6, 12, 8, 6, 9, 1, 6, 2, 13, 5, 4, 4, 2, 7, 3, 9, 3, 10, 5, 4, 0, 10, 5, 10, 13, 0, 1, 2, 1, 3, 2, 3]
[1, 7, 1, 11, 9, 0, 6, 2, 4, 4, 0, 0, 9, 4, 5, 11, 10, 12, 7, 6, 2, 4, 12, 5, 5, 2, 13, 12, 11, 4, 1, 2, 1, 6, 7, 13, 5, 5, 3, 13, 2, 4, 13, 11, 8, 6, 9, 10, 0, 4, 8, 13, 7, 12, 12, 11, 7, 2, 3, 3, 1, 9, 2, 11, 4, 9, 1, 8, 0, 0, 13, 8, 10, 12, 1, 0, 1, 6, 0, 8, 11, 8, 6, 10, 12, 5, 10, 4, 1, 1, 9, 5, 0, 12, 2, 5, 1, 4, 13, 6, 7, 9, 10, 8, 6, 1, 9, 12, 3, 1, 4, 3, 11, 5, 13, 0, 8, 4, 2, 9, 5, 9, 12, 8, 6, 7, 2, 2, 9, 11, 9, 2, 7, 11, 11, 2, 4, 3, 2, 3, 5, 2, 6, 8, 4, 4, 8, 13, 0, 0, 9, 11, 7, 12, 7, 4, 9, 13, 3, 4, 10, 11, 1, 7, 1, 2, 8, 12, 13, 5, 1, 12, 5, 2, 11, 10, 4, 12, 13, 11, 7, 7, 1, 3, 9, 6, 5, 10, 9, 5, 3, 0, 5, 13, 8, 9, 10, 12, 11, 2, 1, 7, 11, 12, 6, 0, 8, 1, 4, 13, 1, 4, 0, 9, 10, 3, 12, 10, 5, 9, 12, 4, 4, 12, 3, 7, 4, 10, 8, 7, 12, 7, 4, 6, 4, 6, 4, 4, 11, 10, 0, 1, 3, 0, 0, 4, 3, 1, 0, 4, 11, 2, 1, 13, 6, 0, 13, 11, 13, 2, 3, 2, 11, 0, 5, 1, 9, 9, 5, 6, 6, 12, 7, 3, 12, 6, 5, 13, 3, 13, 9, 2, 5, 11, 6, 5, 1, 9, 7, 8, 5, 2, 13, 3, 10, 0, 10, 2, 3, 12, 7, 3, 6, 4, 11, 13, 7, 12, 0, 7, 1, 5, 0, 8, 3, 2, 10, 11, 0, 6, 3, 3, 9, 10, 4, 4, 13, 0, 11, 9, 0, 7, 12, 7, 12, 10, 10, 13, 9, 6, 10, 13, 8, 2, 11, 0, 8, 5, 4, 1, 3, 6, 12, 4, 12, 7, 0, 9, 4, 5, 9, 2, 2, 6, 12, 13, 8, 5, 11, 3, 13, 3, 2, 13, 5, 5, 10, 7, 10, 1, 1, 2, 12, 0, 10, 9, 3, 3, 10, 4, 13, 10, 6, 12, 13, 11, 6, 3, 3, 9, 13, 13, 11, 7, 0, 11, 4, 6, 12, 13, 13, 11, 8, 3, 2, 0, 6, 2, 4, 6, 9, 1, 6, 2, 13, 5, 4, 4, 2, 7, 3, 7, 3, 10, 5, 8, 0, 10, 5, 10, 13, 0, 1, 2, 1, 3, 2, 3]
[[32  0  0  0  0  0  0  0  0  0  0  0  0  0]
 [ 0 32  0  0  0  0  0  0  0  0  0  0  0  1]
 [ 0  0 31  0  0  0  0  0  0  0  0  0  2  0]
 [ 0  0  0 31  0  0  0  0  0  0  0  0  0  0]
 [ 0  0  0  0 26  0  0  0  5  0  0  0  0  0]
 [ 1  0  0  0  0 32  0  0  0  0  0  0  0  0]
 [ 0  0  0  0  0  0 30  0  0  0  0  0  0  0]
 [ 0  0  0  1  0  0  0 19  0  4  0  0  0  8]
 [ 0  0  0  0 14  0  0  0 17  0  0  1  0  0]
 [ 0  0  0  0  0  0  0  6  0 26  0  0  0  0]
 [ 1  0  0  2  0  0  0  0  0  0 29  0  0  0]
 [ 0  0  0  0  0  0  0  0  0  0  0 21 11  0]
 [ 0  0  5  0  0  0  0  0  0  0  0  9 19  0]
 [ 0  0  0  1  0  0  0  4  0  1  0  0  0 26]]
[0, 0, 0, 0, 0, 0, 1, 1, 0, 0, 1, 1, 1, 0, 1, 0, 1, 1, 0, 0, 0, 0, 1, 0, 0, 0, 1, 1, 1, 1, 0, 1, 1, 0, 0, 0, 0, 1, 0, 1, 1, 1, 1, 1, 1, 1, 0, 0, 0, 0, 0, 1, 1, 1, 1, 1, 0, 1, 1, 1, 1, 0, 0, 1, 1, 1, 1, 0, 1, 1, 1, 0, 1, 0, 0, 0, 0, 1, 1, 1, 1, 0, 1, 0, 0, 0, 1, 1, 1, 1, 0, 0, 0, 0, 0, 1, 0, 0, 1, 1, 0, 0, 1, 1, 0, 0, 1, 0, 1, 0, 0, 0, 0, 0, 0, 0, 0, 1, 1, 1, 0, 0, 0, 1, 1, 1, 1, 1, 0, 0, 0, 1, 1, 0, 0, 1, 1, 0, 1, 1, 1, 1, 0, 0, 1, 0, 1, 0, 1, 0, 0, 0, 0, 1, 1, 0, 1, 0, 0, 1, 0, 0, 1, 0, 0, 0, 1, 1, 0, 0, 0, 0, 1, 1, 0, 1, 1, 1, 1, 1, 1, 1, 1, 0, 0, 0, 1, 1, 1, 0, 0, 1, 1, 0, 1, 1, 1, 1, 1, 0, 1, 1, 1, 0, 0, 1, 1, 0, 0, 0, 0, 0, 1, 1, 1, 0, 0, 0, 0, 0, 1, 1, 1, 0, 1, 1, 1, 0, 1, 1, 1, 0, 1, 0, 0, 0, 1, 0, 1, 0, 1, 1, 1, 1, 1, 1, 0, 0, 0, 1, 1, 1, 1, 0, 1, 1, 1, 0, 1, 0, 0, 0, 0, 0, 0, 0, 0, 0, 0, 1, 1, 1, 0, 0, 1, 0, 0, 1, 0, 1, 0, 0, 0, 1, 0, 0, 0, 0, 1, 0, 1, 1, 1, 1, 0, 1, 0, 1, 0, 0, 1, 1, 0, 0, 0, 1, 1, 0, 1, 1, 1, 1, 0, 1, 1, 0, 1, 0, 0, 1, 1, 0, 0, 1, 0, 0, 0, 1, 1, 0, 0, 0, 1, 1, 1, 1, 0, 0, 0, 1, 0, 1, 1, 1, 1, 1, 1, 1, 0, 0, 0, 1, 1, 0, 1, 1, 0, 0, 0, 1, 0, 1, 0, 0, 0, 0, 0, 1, 1, 1, 0, 1, 0, 1, 1, 0, 1, 0, 1, 0, 0, 1, 0, 1, 0, 0, 0, 1, 1, 1, 0, 0, 0, 0, 1, 0, 0, 0, 1, 0, 0, 0, 0, 0, 0, 1, 1, 1, 0, 0, 1, 0, 1, 1, 0, 0, 1, 1, 0, 0, 0, 1, 0, 1, 1, 1, 0, 0, 0, 1, 1, 0, 1, 0, 1, 1, 0, 0, 0, 1, 1, 0, 1, 1, 0, 0, 0, 1, 1, 0, 1, 0, 0, 0, 0, 1, 1, 0, 0, 1, 1, 0, 1, 0, 1, 1, 0, 0, 0, 0, 1, 0, 1, 1, 0, 1, 1, 1, 1, 0, 0, 0, 0, 0, 0, 1, 0, 1, 0, 0, 1, 0, 0, 1, 1, 1, 1, 1, 0, 1, 0, 0, 0, 0, 0, 0, 1, 0, 0, 1, 0, 1, 0, 0, 0, 0, 0, 0, 1, 1, 1, 1, 1, 1, 0, 1, 1, 0, 1, 0, 0, 1, 1, 1, 1, 1, 0, 0, 1, 0, 0, 1, 0, 0, 1, 0, 1, 0, 0, 0, 0, 0, 1, 0, 0, 0, 0, 1, 1, 1, 0, 0, 0, 0, 0, 1, 1, 1, 1, 1, 0, 1, 1, 0, 1, 0, 0, 1, 1, 1, 1, 0, 1, 1, 0, 0, 0, 1, 0, 0, 0, 0, 0, 1, 1, 0, 1, 0, 1, 1, 0, 0, 1, 0, 1, 1, 1, 0, 0, 0, 1, 0, 1, 1, 1, 0, 1, 1, 1, 1, 0, 0, 1, 0, 0, 0, 0, 0, 0, 1, 1, 1, 1, 0, 0, 0, 1, 1, 1, 1, 1, 0, 1, 1, 0, 0, 0, 1, 0, 0, 0, 1, 0, 1, 1, 1, 1, 0, 1, 1, 1, 1, 0, 1, 1, 0, 1, 0, 0, 0, 0, 0, 1, 0, 0, 0, 0, 0, 0, 1, 0, 1, 0, 1, 0, 1, 1, 1, 1, 1, 0, 0, 0, 0, 1, 1, 1, 1, 0, 0, 0, 0, 1, 0, 1, 1, 0, 0, 1, 1, 1, 0, 1, 1, 0, 0, 0, 1, 0, 0, 1, 1, 1, 1, 1, 1, 1, 1, 0, 0, 1, 1, 0, 1, 0, 1, 1, 1, 1, 1, 1, 0, 0, 1, 0, 0, 1, 1, 1, 0, 0, 0, 1, 0, 0, 1, 0, 1, 0, 0, 0, 0, 0, 1, 1, 1, 1, 1, 1, 0, 0, 1, 0, 0, 0, 0, 0, 0, 1, 1, 0, 0, 0, 0, 1, 0, 0, 1, 1, 1, 0, 0, 1, 1, 0, 1, 1, 1, 0, 1, 1, 0, 0, 0, 1, 0, 1, 0, 0, 0, 1, 0, 0, 1, 0, 1, 1, 0, 1, 0, 0, 0, 1, 1, 1, 1, 1, 1, 1, 0, 0, 0]
[0, 0, 0, 1, 0, 0, 1, 1, 0, 0, 1, 1, 1, 0, 1, 0, 1, 1, 0, 0, 0, 0, 1, 0, 0, 0, 1, 1, 1, 1, 0, 1, 1, 1, 0, 0, 0, 1, 0, 1, 1, 1, 1, 1, 1, 1, 0, 0, 0, 0, 0, 1, 1, 1, 1, 1, 0, 1, 1, 1, 1, 0, 0, 1, 1, 1, 1, 0, 1, 1, 1, 0, 1, 0, 0, 0, 0, 1, 1, 1, 1, 0, 1, 0, 0, 0, 1, 1, 1, 1, 0, 0, 1, 0, 0, 1, 1, 0, 1, 1, 0, 1, 1, 1, 0, 0, 1, 1, 1, 1, 0, 0, 0, 0, 1, 0, 0, 1, 1, 1, 0, 0, 0, 1, 1, 1, 1, 1, 1, 0, 1, 1, 1, 0, 0, 1, 1, 0, 1, 1, 1, 1, 0, 1, 1, 1, 1, 0, 1, 0, 0, 0, 0, 1, 1, 0, 1, 0, 0, 1, 0, 0, 1, 0, 1, 0, 1, 1, 0, 0, 0, 0, 1, 1, 1, 1, 1, 1, 1, 1, 1, 1, 1, 0, 0, 0, 1, 1, 1, 0, 0, 1, 1, 0, 1, 1, 1, 1, 1, 1, 1, 1, 1, 0, 0, 1, 1, 0, 0, 1, 1, 0, 1, 1, 1, 0, 0, 0, 0, 0, 1, 1, 1, 1, 1, 1, 1, 0, 1, 1, 1, 0, 1, 0, 0, 0, 1, 0, 1, 0, 1, 1, 1, 1, 1, 1, 0, 2, 0, 1, 1, 1, 1, 0, 1, 1, 1, 0, 1, 0, 0, 1, 0, 0, 0, 0, 0, 0, 0, 1, 1, 1, 0, 1, 1, 0, 0, 1, 0, 1, 0, 0, 4, 1, 0, 0, 0, 0, 1, 1, 1, 1, 1, 1, 0, 1, 0, 1, 2, 0, 1, 1, 1, 0, 0, 1, 1, 0, 1, 1, 1, 1, 0, 1, 1, 0, 1, 0, 0, 1, 1, 0, 2, 1, 0, 0, 0, 1, 1, 0, 0, 0, 1, 1, 1, 1, 1, 0, 0, 1, 0, 1, 1, 1, 1, 1, 1, 1, 0, 0, 0, 1, 1, 0, 1, 1, 0, 0, 0, 1, 1, 1, 0, 1, 0, 0, 0, 1, 1, 1, 1, 1, 0, 1, 1, 0, 1, 0, 1, 0, 0, 1, 0, 1, 0, 0, 0, 1, 1, 1, 0, 0, 1, 0, 1, 1, 0, 1, 1, 0, 1, 0, 0, 0, 0, 1, 1, 1, 0, 0, 1, 0, 1, 1, 0, 0, 1, 1, 0, 0, 0, 1, 0, 1, 1, 1, 0, 0, 0, 1, 1, 0, 1, 0, 1, 1, 0, 0, 0, 1, 1, 0, 1, 1, 0, 0, 0, 1, 1, 0, 1, 0, 0, 0, 0, 1, 1, 0, 0, 1, 1, 0, 1, 0, 1, 1, 0, 0, 0, 0, 1, 0, 1, 1, 0, 1, 1, 1, 1, 0, 0, 0, 0, 1, 0, 1, 0, 1, 0, 0, 1, 0, 0, 1, 1, 1, 1, 1, 0, 1, 1, 0, 1, 0, 0, 0, 1, 1, 0, 1, 0, 1, 0, 1, 0, 0, 0, 0, 1, 1, 1, 1, 1, 1, 1, 1, 1, 0, 1, 0, 0, 1, 1, 1, 2, 1, 1, 0, 1, 0, 1, 1, 0, 0, 1, 0, 1, 0, 0, 0, 0, 0, 1, 0, 0, 0, 0, 1, 1, 1, 0, 0, 0, 0, 0, 1, 1, 1, 1, 1, 0, 1, 1, 1, 1, 0, 0, 1, 1, 1, 1, 0, 1, 1, 0, 0, 1, 1, 0, 0, 0, 0, 0, 1, 1, 0, 1, 0, 1, 1, 2, 1, 1, 0, 1, 1, 1, 0, 0, 0, 1, 0, 1, 1, 1, 0, 1, 1, 1, 1, 0, 0, 1, 0, 1, 0, 1, 0, 0, 1, 1, 1, 1, 0, 0, 0, 1, 1, 1, 1, 1, 0, 1, 1, 0, 0, 0, 1, 0, 0, 1, 1, 0, 1, 1, 1, 1, 0, 1, 1, 1, 1, 2, 1, 1, 0, 1, 0, 0, 0, 0, 0, 1, 0, 0, 0, 0, 0, 0, 1, 0, 1, 1, 1, 0, 1, 1, 1, 1, 1, 1, 1, 0, 0, 1, 1, 1, 1, 2, 0, 0, 0, 1, 0, 1, 1, 0, 0, 1, 1, 1, 0, 1, 1, 2, 0, 0, 1, 0, 0, 1, 1, 1, 1, 1, 1, 1, 1, 0, 1, 1, 1, 0, 1, 0, 1, 1, 1, 1, 1, 1, 1, 0, 1, 0, 0, 1, 1, 1, 0, 0, 1, 1, 0, 0, 1, 0, 1, 1, 0, 0, 0, 0, 1, 1, 1, 1, 1, 1, 0, 3, 1, 0, 1, 0, 0, 0, 1, 1, 1, 0, 0, 0, 0, 1, 0, 0, 1, 1, 1, 0, 0, 1, 1, 0, 1, 1, 1, 0, 1, 1, 0, 0, 0, 1, 0, 1, 2, 0, 0, 1, 0, 0, 1, 0, 1, 1, 1, 1, 0, 0, 0, 1, 1, 1, 1, 1, 1, 1, 0, 0, 0]
[[360  54   8   1   1]
 [  0 407   1   0   0]
 [  0   0   0   0   0]
 [  0   0   0   0   0]
 [  0   0   0   0   0]]
